ID lon[deg] lat[deg] depth[km] mag[ML] lon_proj[deg] lat_proj[deg] dist_proj[deg] dist_km_proj[deg]
10544317 -115.445 32.784 9.98 1.8 -115.438 32.776 0.136 15.106
10144162 -115.446 32.785 9.91 1.7 -115.438 32.775 0.136 15.094
10546117 -115.446 32.785 10.44 1.2 -115.438 32.775 0.136 15.094
14606740 -115.441 32.779 9.31 1.4 -115.438 32.775 0.136 15.082
14606756 -115.440 32.778 9.63 1.4 -115.438 32.775 0.136 15.094
14606812 -115.439 32.777 9.56 1.5 -115.438 32.776 0.136 15.105
14624100 -115.489 32.750 8.39 1.7 -115.480 32.739 0.080 8.931
14687932 -115.492 32.743 9.57 1.4 -115.485 32.735 0.073 8.171
10666589 -115.432 32.761 10.49 1.5 -115.442 32.772 0.131 14.537
14721884 -115.487 32.747 8.71 1.2 -115.480 32.739 0.080 8.883
14774644 -115.435 32.766 9.73 1.7 -115.441 32.773 0.132 14.646
14861172 -115.447 32.790 9.11 1.7 -115.436 32.777 0.138 15.372
14861420 -115.446 32.788 9.03 1.8 -115.436 32.777 0.138 15.312
14861428 -115.446 32.789 8.97 2.0 -115.436 32.777 0.138 15.384
14861612 -115.447 32.791 9.41 1.4 -115.435 32.778 0.139 15.445
14861620 -115.445 32.786 9.01 1.7 -115.437 32.776 0.137 15.251
14861628 -115.445 32.787 9.13 1.9 -115.436 32.777 0.138 15.324
14861668 -115.446 32.790 9.53 1.3 -115.435 32.778 0.139 15.457
14861732 -115.444 32.784 9.21 1.1 -115.437 32.776 0.137 15.191
14861836 -115.443 32.785 9.60 1.2 -115.436 32.777 0.138 15.347
14861852 -115.443 32.785 9.47 1.5 -115.436 32.777 0.138 15.347
10825333 -115.435 32.785 10.67 1.6 -115.432 32.781 0.144 16.022
14871676 -115.436 32.780 9.49 1.5 -115.435 32.778 0.140 15.576
14871796 -115.436 32.779 9.35 1.9 -115.435 32.778 0.139 15.503
14871804 -115.436 32.781 9.56 2.0 -115.434 32.779 0.141 15.648
14871916 -115.434 32.777 9.66 1.8 -115.435 32.778 0.140 15.527
14871924 -115.433 32.776 9.67 1.5 -115.435 32.778 0.140 15.539
14872260 -115.431 32.774 10.22 1.4 -115.435 32.778 0.140 15.563
14872284 -115.430 32.774 10.27 1.4 -115.434 32.779 0.141 15.647
10873221 -115.533 32.699 5.05 1.3 -115.530 32.696 0.014 1.525
10873301 -115.533 32.699 4.95 1.4 -115.530 32.696 0.014 1.525
10874229 -115.533 32.700 4.98 1.8 -115.530 32.696 0.014 1.598
10876253 -115.436 32.773 9.48 1.3 -115.438 32.775 0.136 15.069
10876269 -115.438 32.776 9.23 2.1 -115.438 32.776 0.136 15.117
10876277 -115.438 32.776 9.39 1.3 -115.438 32.776 0.136 15.117
10906285 -115.437 32.768 8.94 1.1 -115.441 32.773 0.132 14.622
10913469 -115.438 32.768 10.16 1.6 -115.442 32.772 0.131 14.538
14962428 -115.439 32.777 9.75 1.7 -115.438 32.776 0.136 15.105
14962652 -115.439 32.776 9.67 1.6 -115.438 32.775 0.135 15.033
14993068 -115.443 32.774 9.46 2.0 -115.442 32.772 0.131 14.551
10961133 -115.435 32.766 9.49 1.8 -115.441 32.773 0.132 14.646
10961717 -115.440 32.778 9.34 2.5 -115.438 32.775 0.136 15.094
10961725 -115.439 32.777 9.46 1.7 -115.438 32.776 0.136 15.105
10961813 -115.440 32.777 9.17 1.4 -115.438 32.775 0.135 15.021
15019044 -115.445 32.787 9.98 1.3 -115.436 32.777 0.138 15.324
15021532 -115.432 32.769 10.12 1.4 -115.438 32.776 0.136 15.116
15021772 -115.432 32.770 10.34 1.1 -115.437 32.776 0.137 15.189
10985701 -115.443 32.784 10.47 1.2 -115.437 32.777 0.137 15.275
10986085 -115.451 32.787 9.10 1.6 -115.440 32.774 0.133 14.817
10990253 -115.432 32.769 9.95 1.6 -115.438 32.776 0.136 15.116
10990261 -115.432 32.769 10.02 1.8 -115.438 32.776 0.136 15.116
10990285 -115.430 32.766 10.21 1.4 -115.438 32.775 0.136 15.068
10990365 -115.430 32.765 10.36 3.0 -115.439 32.775 0.135 14.995
37005119 -115.434 32.773 9.57 1.1 -115.437 32.776 0.137 15.238
10990501 -115.435 32.775 9.45 2.8 -115.436 32.777 0.138 15.298
10990509 -115.434 32.774 9.42 1.5 -115.436 32.777 0.138 15.310
10990517 -115.434 32.772 9.71 1.4 -115.437 32.776 0.136 15.165
10990541 -115.432 32.769 9.60 2.4 -115.438 32.776 0.136 15.116
10990549 -115.428 32.762 10.41 2.1 -115.439 32.775 0.134 14.947
10990589 -115.433 32.770 9.76 1.8 -115.438 32.776 0.136 15.105
10990645 -115.436 32.776 9.20 2.5 -115.437 32.777 0.137 15.286
10990653 -115.436 32.775 9.98 2.4 -115.437 32.776 0.137 15.214
37005127 -115.434 32.773 9.92 2.1 -115.437 32.776 0.137 15.238
10990973 -115.433 32.771 9.62 1.5 -115.437 32.776 0.136 15.177
10991725 -115.437 32.777 9.28 2.1 -115.437 32.777 0.137 15.274
10991741 -115.437 32.777 9.57 2.4 -115.437 32.777 0.137 15.274
10991749 -115.438 32.778 9.55 1.8 -115.437 32.776 0.137 15.262
10991757 -115.436 32.775 9.53 1.6 -115.437 32.776 0.137 15.214
10991765 -115.438 32.778 9.10 2.1 -115.437 32.776 0.137 15.262
10991781 -115.439 32.779 9.50 2.5 -115.437 32.776 0.137 15.250
11035149 -115.431 32.777 10.95 1.8 -115.433 32.780 0.142 15.780
11036141 -115.444 32.786 9.54 1.4 -115.436 32.777 0.138 15.336
11036149 -115.444 32.785 9.43 2.4 -115.437 32.776 0.137 15.263
11036157 -115.444 32.785 9.43 1.6 -115.437 32.776 0.137 15.263
11036165 -115.445 32.787 9.46 2.4 -115.436 32.777 0.138 15.324
11036173 -115.446 32.788 9.51 1.3 -115.436 32.777 0.138 15.312
11036189 -115.443 32.784 9.59 1.5 -115.437 32.777 0.137 15.275
11036181 -115.443 32.784 9.15 1.4 -115.437 32.777 0.137 15.275
11036221 -115.447 32.790 9.10 1.6 -115.436 32.777 0.138 15.372
11036261 -115.447 32.790 10.16 1.6 -115.436 32.777 0.138 15.372
11036301 -115.446 32.789 8.90 1.9 -115.436 32.777 0.138 15.384
11086826 -115.433 32.762 10.40 1.6 -115.442 32.772 0.131 14.525
15147449 -115.442 32.794 9.90 1.7 -115.431 32.781 0.145 16.084
15148801 -115.436 32.771 8.71 1.9 -115.439 32.774 0.134 14.924
15148825 -115.433 32.765 8.85 1.9 -115.440 32.773 0.133 14.742
37072476 -115.433 32.766 8.78 1.7 -115.440 32.774 0.133 14.815
15148841 -115.432 32.766 9.15 1.7 -115.439 32.774 0.134 14.899
15148849 -115.433 32.766 9.04 2.4 -115.440 32.774 0.133 14.815
37072636 -115.434 32.768 8.80 2.2 -115.439 32.774 0.134 14.875
15148889 -115.432 32.765 9.30 2.0 -115.440 32.774 0.133 14.827
15148897 -115.430 32.763 9.15 2.4 -115.440 32.774 0.134 14.851
15148913 -115.429 32.761 9.20 1.9 -115.440 32.774 0.133 14.790
15151369 -115.448 32.784 8.90 1.9 -115.439 32.774 0.134 14.853
15151537 -115.448 32.785 8.71 2.0 -115.439 32.775 0.134 14.926
15151905 -115.446 32.782 8.71 1.5 -115.439 32.774 0.134 14.877
15153305 -115.428 32.770 10.59 1.3 -115.435 32.778 0.140 15.526
15163169 -115.449 32.788 9.75 1.5 -115.438 32.775 0.135 15.059
11129234 -115.448 32.784 8.95 2.0 -115.439 32.774 0.134 14.853
15178049 -115.441 32.770 10.03 1.7 -115.442 32.772 0.130 14.430
15178057 -115.440 32.770 9.92 1.7 -115.442 32.772 0.131 14.514
15180321 -115.440 32.771 9.48 1.5 -115.441 32.773 0.131 14.586
15185265 -115.432 32.760 10.58 1.8 -115.442 32.772 0.130 14.465
15187057 -115.447 32.783 8.75 3.3 -115.439 32.774 0.134 14.865
15187065 -115.448 32.784 8.88 1.6 -115.439 32.774 0.134 14.853
15187761 -115.447 32.782 9.48 1.6 -115.440 32.774 0.133 14.793
37090596 -115.429 32.771 10.35 0.9 -115.435 32.778 0.140 15.514
15270785 -115.485 32.745 8.74 1.6 -115.480 32.739 0.080 8.907
15274705 -115.490 32.753 10.23 1.9 -115.479 32.740 0.082 9.064
15279529 -115.451 32.783 7.96 1.6 -115.442 32.772 0.131 14.528
37106300 -115.432 32.763 9.75 1.6 -115.441 32.773 0.132 14.682
15309817 -115.437 32.768 9.38 1.5 -115.441 32.773 0.132 14.622
15309833 -115.437 32.769 9.29 2.2 -115.441 32.773 0.132 14.695
37110236 -115.447 32.787 9.84 1.1 -115.437 32.776 0.136 15.155
15332993 -115.442 32.772 9.78 1.9 -115.442 32.772 0.130 14.490
15333001 -115.442 32.772 9.90 1.6 -115.442 32.772 0.130 14.490
15333009 -115.442 32.772 9.80 2.3 -115.442 32.772 0.130 14.490
15337769 -115.428 32.762 10.92 1.6 -115.439 32.775 0.134 14.947
11322338 -115.437 32.768 9.58 1.6 -115.441 32.773 0.132 14.622
11322354 -115.437 32.768 9.54 1.6 -115.441 32.773 0.132 14.622
11333898 -115.438 32.778 9.95 1.4 -115.437 32.776 0.137 15.262
15395081 -115.446 32.782 8.33 1.3 -115.439 32.774 0.134 14.877
15396769 -115.443 32.774 9.32 1.6 -115.442 32.772 0.131 14.551
15442425 -115.485 32.726 10.14 1.7 -115.489 32.731 0.068 7.530
15442441 -115.485 32.726 10.21 1.5 -115.489 32.731 0.068 7.530
15442449 -115.485 32.726 10.27 1.4 -115.489 32.731 0.068 7.530
15442457 -115.485 32.726 10.29 1.6 -115.489 32.731 0.068 7.530
15442465 -115.485 32.726 10.29 1.4 -115.489 32.731 0.068 7.530
15472505 -115.446 32.789 9.14 1.8 -115.436 32.777 0.138 15.384
15472521 -115.447 32.790 9.09 1.9 -115.436 32.777 0.138 15.372
15472529 -115.446 32.789 9.34 1.6 -115.436 32.777 0.138 15.384
15472537 -115.446 32.789 9.24 2.0 -115.436 32.777 0.138 15.384
15472545 -115.446 32.788 9.31 1.8 -115.436 32.777 0.138 15.312
15472553 -115.446 32.789 9.36 2.5 -115.436 32.777 0.138 15.384
15472921 -115.443 32.784 9.18 1.6 -115.437 32.777 0.137 15.275
37177021 -115.444 32.785 9.09 1.4 -115.437 32.776 0.137 15.263
15481553 -115.532 32.703 7.23 1.8 -115.528 32.698 0.017 1.899
15482785 -115.531 32.704 6.88 1.6 -115.527 32.699 0.018 2.056
37214272 -115.526 32.700 5.22 1.8 -115.526 32.700 0.020 2.188
15500385 -115.446 32.785 10.32 2.1 -115.438 32.775 0.136 15.094
37236080 -115.476 32.744 9.48 1.5 -115.475 32.743 0.086 9.594
37236152 -115.475 32.742 9.46 1.8 -115.476 32.743 0.086 9.533
37236208 -115.442 32.775 8.89 2.0 -115.440 32.773 0.132 14.707
37236216 -115.442 32.774 8.93 1.9 -115.441 32.773 0.132 14.635
37236328 -115.476 32.744 9.58 1.6 -115.475 32.743 0.086 9.594
37127060 -115.477 32.742 8.76 0.9 -115.477 32.742 0.084 9.364
37237224 -115.472 32.741 9.34 1.6 -115.475 32.744 0.087 9.714
15530337 -115.440 32.771 9.49 1.1 -115.441 32.773 0.131 14.586
37206381 -115.440 32.771 9.46 1.0 -115.441 32.773 0.131 14.586
15535729 -115.444 32.777 9.36 1.5 -115.441 32.773 0.132 14.684
15535985 -115.444 32.778 9.35 1.8 -115.440 32.774 0.133 14.756
15536001 -115.444 32.777 9.30 1.3 -115.441 32.773 0.132 14.684
15536049 -115.443 32.774 9.48 2.3 -115.442 32.772 0.131 14.551
15536089 -115.444 32.777 9.31 2.0 -115.441 32.773 0.132 14.684
37259648 -115.438 32.779 9.08 1.4 -115.436 32.777 0.138 15.335
37208861 -115.438 32.779 9.12 1.2 -115.436 32.777 0.138 15.335
37262864 -115.430 32.766 10.22 1.7 -115.438 32.775 0.136 15.068
37263360 -115.431 32.767 10.07 1.7 -115.438 32.775 0.135 15.056
37263368 -115.431 32.768 10.04 1.9 -115.438 32.776 0.136 15.128
37263616 -115.431 32.769 9.78 2.5 -115.437 32.776 0.137 15.201
37263640 -115.432 32.769 10.03 2.5 -115.438 32.776 0.136 15.116
37263648 -115.433 32.770 10.04 1.7 -115.438 32.776 0.136 15.105
37263664 -115.435 32.773 9.90 1.6 -115.437 32.776 0.136 15.153
37263688 -115.434 32.771 9.81 1.1 -115.438 32.775 0.136 15.093
37263720 -115.434 32.772 9.77 1.8 -115.437 32.776 0.136 15.165
37263752 -115.435 32.773 9.74 1.4 -115.437 32.776 0.136 15.153
37264320 -115.432 32.769 9.90 1.1 -115.438 32.776 0.136 15.116
37264616 -115.443 32.775 9.27 1.3 -115.441 32.773 0.132 14.623
37127356 -115.443 32.774 9.18 1.6 -115.442 32.772 0.131 14.551
37065831 -115.438 32.766 7.34 1.5 -115.443 32.771 0.129 14.393
37068087 -115.434 32.769 8.92 1.3 -115.439 32.775 0.134 14.948
37308784 -115.438 32.769 8.50 1.7 -115.441 32.773 0.131 14.610
37308912 -115.435 32.763 8.62 1.1 -115.442 32.772 0.130 14.429
37315520 -115.438 32.769 9.45 2.0 -115.441 32.773 0.131 14.610
37109591 -115.434 32.765 9.54 1.9 -115.441 32.773 0.132 14.658
37354136 -115.437 32.776 9.62 1.5 -115.437 32.776 0.137 15.202
37380488 -115.440 32.778 9.59 1.6 -115.438 32.775 0.136 15.094
37380496 -115.440 32.778 9.62 1.7 -115.438 32.775 0.136 15.094
37396480 -115.429 32.760 9.90 1.5 -115.440 32.773 0.132 14.718
37396688 -115.434 32.768 8.68 1.5 -115.439 32.774 0.134 14.875
37396704 -115.434 32.768 8.79 1.4 -115.439 32.774 0.134 14.875
37397224 -115.449 32.785 9.62 1.5 -115.440 32.774 0.133 14.841
37404584 -115.483 32.737 9.42 1.4 -115.483 32.737 0.076 8.496
37207271 -115.442 32.773 9.49 1.8 -115.441 32.772 0.131 14.563
37207279 -115.442 32.773 9.42 2.1 -115.441 32.772 0.131 14.563
37207295 -115.441 32.772 9.44 1.9 -115.441 32.772 0.131 14.575
37208087 -115.488 32.750 9.63 1.4 -115.479 32.740 0.081 9.016
37234775 -115.435 32.763 9.43 1.8 -115.442 32.772 0.130 14.429
37234823 -115.435 32.762 9.38 2.0 -115.443 32.771 0.129 14.356
37234839 -115.435 32.762 9.31 1.6 -115.443 32.771 0.129 14.356
37245775 -115.450 32.786 9.08 1.5 -115.440 32.774 0.133 14.829
37252727 -115.427 32.762 10.82 1.6 -115.438 32.775 0.135 15.031
37252831 -115.445 32.775 9.52 1.6 -115.442 32.772 0.130 14.454
37474336 -115.439 32.771 9.16 1.0 -115.441 32.773 0.132 14.671
37279239 -115.435 32.780 9.70 1.4 -115.434 32.779 0.141 15.660
37280167 -115.434 32.777 9.62 1.7 -115.435 32.778 0.140 15.527
37280183 -115.434 32.778 9.62 1.8 -115.434 32.778 0.140 15.600
37280535 -115.433 32.776 9.41 2.5 -115.435 32.778 0.140 15.539
37280543 -115.436 32.780 9.34 2.5 -115.435 32.778 0.140 15.576
37280551 -115.434 32.777 9.39 1.3 -115.435 32.778 0.140 15.527
37280575 -115.431 32.775 10.02 1.5 -115.434 32.779 0.141 15.635
37280583 -115.437 32.781 9.18 1.6 -115.435 32.778 0.140 15.564
37280647 -115.441 32.785 9.12 1.3 -115.435 32.778 0.140 15.516
37280671 -115.431 32.775 9.97 1.5 -115.434 32.779 0.141 15.635
37280719 -115.431 32.774 9.97 2.5 -115.435 32.778 0.140 15.563
37280735 -115.442 32.787 9.17 1.8 -115.435 32.778 0.140 15.577
37280751 -115.443 32.788 9.00 1.9 -115.435 32.778 0.140 15.565
37280831 -115.431 32.774 9.66 1.6 -115.435 32.778 0.140 15.563
37498512 -115.430 32.772 10.19 1.7 -115.435 32.778 0.139 15.503
37501472 -115.440 32.790 9.86 1.5 -115.432 32.781 0.144 15.963
37505520 -115.448 32.784 9.10 2.7 -115.439 32.774 0.134 14.853
37339247 -115.435 32.766 9.62 1.7 -115.441 32.773 0.132 14.646
37573056 -115.440 32.771 9.79 1.7 -115.441 32.773 0.131 14.586
37140716 -115.442 32.789 9.29 1.6 -115.434 32.779 0.141 15.722
37574928 -115.442 32.789 9.49 1.5 -115.434 32.779 0.141 15.722
37574960 -115.442 32.790 9.27 2.1 -115.433 32.780 0.142 15.794
37575328 -115.443 32.791 9.22 1.7 -115.433 32.780 0.142 15.782
37140804 -115.443 32.791 9.13 1.5 -115.433 32.780 0.142 15.782
37576080 -115.444 32.786 9.41 1.6 -115.436 32.777 0.138 15.336
37576088 -115.444 32.786 9.44 1.7 -115.436 32.777 0.138 15.336
37367831 -115.449 32.789 9.76 1.4 -115.438 32.776 0.136 15.131
37445807 -115.447 32.780 9.36 2.4 -115.441 32.773 0.132 14.648
37445815 -115.447 32.781 9.38 1.5 -115.440 32.773 0.132 14.720
37445823 -115.447 32.780 9.46 1.8 -115.441 32.773 0.132 14.648
37144692 -115.446 32.780 9.25 1.2 -115.440 32.773 0.132 14.732
37445863 -115.448 32.782 9.33 1.3 -115.440 32.773 0.132 14.708
37445879 -115.446 32.781 9.17 1.9 -115.440 32.774 0.133 14.805
37696368 -115.448 32.782 9.48 1.4 -115.440 32.773 0.132 14.708
37749944 -115.432 32.769 10.15 1.4 -115.438 32.776 0.136 15.116
37386133 -115.430 32.767 10.30 1.0 -115.438 32.776 0.136 15.140
37386141 -115.427 32.762 9.96 1.3 -115.438 32.775 0.135 15.031
37750024 -115.426 32.762 9.96 1.9 -115.438 32.776 0.136 15.116
37750304 -115.433 32.770 9.00 1.3 -115.438 32.776 0.136 15.105
37386149 -115.435 32.772 9.65 1.2 -115.438 32.775 0.136 15.081
37750352 -115.435 32.773 9.70 1.5 -115.437 32.776 0.136 15.153
37750520 -115.443 32.785 9.68 2.1 -115.436 32.777 0.138 15.347
37750624 -115.445 32.787 9.32 1.8 -115.436 32.777 0.138 15.324
37750656 -115.434 32.773 9.98 1.6 -115.437 32.776 0.137 15.238
37750808 -115.432 32.771 9.53 2.9 -115.437 32.776 0.137 15.261
37750816 -115.432 32.769 9.95 1.9 -115.438 32.776 0.136 15.116
37750824 -115.433 32.772 9.53 2.8 -115.437 32.776 0.137 15.249
37750832 -115.433 32.772 9.55 2.5 -115.437 32.776 0.137 15.249
37750840 -115.434 32.773 9.58 2.2 -115.437 32.776 0.137 15.238
37750864 -115.434 32.773 9.61 2.1 -115.437 32.776 0.137 15.238
37750872 -115.435 32.773 9.68 1.9 -115.437 32.776 0.136 15.153
37750896 -115.434 32.774 9.52 2.0 -115.436 32.777 0.138 15.310
37750904 -115.430 32.763 9.10 1.8 -115.440 32.774 0.134 14.851
37386173 -115.432 32.765 8.95 1.3 -115.440 32.774 0.133 14.827
37750912 -115.431 32.765 9.04 1.6 -115.439 32.774 0.134 14.911
37750920 -115.433 32.765 8.66 1.9 -115.440 32.773 0.133 14.742
37750928 -115.430 32.763 9.13 3.1 -115.440 32.774 0.134 14.851
37750936 -115.433 32.766 8.93 2.7 -115.440 32.774 0.133 14.815
37750944 -115.433 32.768 8.83 2.5 -115.439 32.775 0.135 14.960
37750952 -115.434 32.766 8.44 2.1 -115.440 32.773 0.132 14.730
37750960 -115.429 32.761 9.25 2.3 -115.440 32.774 0.133 14.790
37750968 -115.433 32.768 9.08 1.7 -115.439 32.775 0.135 14.960
37750976 -115.430 32.762 9.40 1.6 -115.440 32.774 0.133 14.778
37751424 -115.436 32.775 9.28 2.9 -115.437 32.776 0.137 15.214
37751432 -115.437 32.777 9.56 2.3 -115.437 32.777 0.137 15.274
37751440 -115.439 32.779 9.48 2.2 -115.437 32.776 0.137 15.250
37751448 -115.438 32.779 9.45 2.7 -115.436 32.777 0.138 15.335
37148804 -115.437 32.777 9.19 1.8 -115.437 32.777 0.137 15.274
37751608 -115.435 32.774 9.85 1.4 -115.437 32.776 0.137 15.226
37751920 -115.434 32.773 9.77 1.3 -115.437 32.776 0.137 15.238
37812224 -115.476 32.722 7.98 2.3 -115.486 32.734 0.072 8.000
37817624 -115.449 32.784 9.54 1.5 -115.440 32.774 0.133 14.769
37390789 -115.449 32.784 9.56 1.3 -115.440 32.774 0.133 14.769
37817640 -115.449 32.785 9.56 1.5 -115.440 32.774 0.133 14.841
37826960 -115.447 32.790 9.30 1.4 -115.436 32.777 0.138 15.372
37826968 -115.447 32.790 9.18 1.7 -115.436 32.777 0.138 15.372
37827280 -115.446 32.789 9.19 1.7 -115.436 32.777 0.138 15.384
37827392 -115.448 32.790 9.59 1.8 -115.437 32.777 0.137 15.288
37827456 -115.447 32.790 9.58 1.7 -115.436 32.777 0.138 15.372
37827552 -115.446 32.788 9.10 2.2 -115.436 32.777 0.138 15.312
37827560 -115.446 32.790 9.38 2.5 -115.435 32.778 0.139 15.457
37827568 -115.447 32.790 9.15 1.6 -115.436 32.777 0.138 15.372
37827584 -115.447 32.789 9.51 2.2 -115.436 32.777 0.138 15.300
37827608 -115.446 32.788 8.95 1.9 -115.436 32.777 0.138 15.312
37827624 -115.448 32.790 9.41 1.7 -115.437 32.777 0.137 15.288
37827664 -115.445 32.786 9.08 2.4 -115.437 32.776 0.137 15.251
37827688 -115.446 32.789 9.28 1.6 -115.436 32.777 0.138 15.384
37152980 -115.445 32.786 8.96 1.3 -115.437 32.776 0.137 15.251
37827768 -115.444 32.786 9.38 2.5 -115.436 32.777 0.138 15.336
37152972 -115.447 32.791 8.49 1.6 -115.435 32.778 0.139 15.445
37827776 -115.447 32.791 8.57 1.5 -115.435 32.778 0.139 15.445
37827928 -115.444 32.786 9.01 1.9 -115.436 32.777 0.138 15.336
37830592 -115.433 32.761 10.89 1.5 -115.442 32.772 0.130 14.453
37830696 -115.444 32.776 9.68 1.4 -115.441 32.773 0.131 14.611
37855592 -115.439 32.770 9.63 2.6 -115.441 32.773 0.131 14.598
37859920 -115.439 32.770 9.50 1.3 -115.441 32.773 0.131 14.598
37157284 -115.439 32.770 9.52 1.1 -115.441 32.773 0.131 14.598
37656655 -115.475 32.733 9.64 1.2 -115.480 32.739 0.080 8.881
37657967 -115.475 32.733 9.65 1.3 -115.480 32.739 0.080 8.881
37394437 -115.475 32.732 9.66 1.1 -115.481 32.739 0.079 8.809
37658815 -115.476 32.729 9.34 1.3 -115.483 32.737 0.077 8.507
37660639 -115.474 32.734 9.42 1.1 -115.479 32.740 0.081 9.038
37661415 -115.431 32.760 10.47 1.5 -115.442 32.772 0.131 14.549
37703999 -115.432 32.761 10.42 1.7 -115.442 32.772 0.131 14.537
37704007 -115.432 32.762 10.38 1.7 -115.441 32.773 0.131 14.609
37704015 -115.433 32.762 10.36 1.7 -115.442 32.772 0.131 14.525
37704023 -115.432 32.762 10.33 1.8 -115.441 32.773 0.131 14.609
37730447 -115.434 32.773 9.93 1.2 -115.437 32.776 0.137 15.238
37752967 -115.434 32.784 10.60 1.4 -115.431 32.781 0.144 16.034
37755743 -115.480 32.745 9.46 1.2 -115.477 32.742 0.084 9.329
37755943 -115.480 32.745 9.53 1.7 -115.477 32.742 0.084 9.329
38017464 -115.478 32.742 9.12 1.4 -115.478 32.741 0.083 9.280
38017536 -115.478 32.742 9.06 1.5 -115.478 32.741 0.083 9.280
38025400 -115.541 32.704 5.72 1.8 -115.533 32.694 0.011 1.212
38025432 -115.541 32.704 5.76 1.4 -115.533 32.694 0.011 1.212
37805511 -115.450 32.788 9.15 1.6 -115.439 32.775 0.135 14.974
37805519 -115.450 32.788 9.19 1.3 -115.439 32.775 0.135 14.974
37805527 -115.450 32.788 9.19 1.4 -115.439 32.775 0.135 14.974
37805551 -115.450 32.788 8.99 1.6 -115.439 32.775 0.135 14.974
37840615 -115.448 32.784 9.29 2.4 -115.439 32.774 0.134 14.853
37840623 -115.448 32.783 9.44 1.5 -115.440 32.774 0.133 14.781
37840631 -115.448 32.783 9.28 1.8 -115.440 32.774 0.133 14.781
37840639 -115.448 32.783 9.30 2.1 -115.440 32.774 0.133 14.781
37840663 -115.448 32.783 9.30 1.8 -115.440 32.774 0.133 14.781
37841631 -115.435 32.771 10.10 1.9 -115.438 32.775 0.135 15.008
37904031 -115.447 32.790 9.10 1.4 -115.436 32.777 0.138 15.372
37910103 -115.443 32.793 9.58 1.4 -115.432 32.780 0.143 15.927
37910231 -115.433 32.764 9.70 1.3 -115.441 32.773 0.132 14.670
37910239 -115.433 32.764 9.68 1.3 -115.441 32.773 0.132 14.670
37910247 -115.433 32.764 9.69 1.5 -115.441 32.773 0.132 14.670
38165200 -115.538 32.702 4.88 1.6 -115.532 32.695 0.012 1.321
38169112 -115.448 32.784 8.94 1.1 -115.439 32.774 0.134 14.853
37266946 -115.432 32.768 10.08 1.4 -115.438 32.775 0.135 15.044
37266954 -115.432 32.768 10.05 1.2 -115.438 32.775 0.135 15.044
37269034 -115.484 32.738 9.24 1.2 -115.483 32.737 0.076 8.484
37270146 -115.449 32.785 8.82 1.3 -115.440 32.774 0.133 14.841
38222944 -115.474 32.738 10.03 1.1 -115.477 32.742 0.084 9.328
38223080 -115.474 32.738 10.00 1.2 -115.477 32.742 0.084 9.328
38227408 -115.474 32.738 10.03 1.4 -115.477 32.742 0.084 9.328
38233112 -115.436 32.786 10.65 1.9 -115.432 32.781 0.144 16.010
38234736 -115.458 32.780 9.40 2.2 -115.447 32.767 0.123 13.720
38234752 -115.458 32.781 9.45 1.4 -115.447 32.768 0.124 13.792
38234760 -115.458 32.781 9.42 1.5 -115.447 32.768 0.124 13.792
38234768 -115.458 32.780 9.31 1.3 -115.447 32.767 0.123 13.720
38251864 -115.442 32.778 8.07 1.3 -115.439 32.775 0.134 14.925
38043855 -115.442 32.769 8.84 1.9 -115.443 32.771 0.128 14.273
38045839 -115.534 32.705 7.48 1.4 -115.528 32.698 0.017 1.875
37374650 -115.458 32.780 9.51 1.8 -115.447 32.767 0.123 13.720
37378786 -115.447 32.791 9.26 2.2 -115.435 32.778 0.139 15.445
38409600 -115.432 32.770 10.15 1.4 -115.437 32.776 0.137 15.189
38420208 -115.449 32.785 9.26 2.5 -115.440 32.774 0.133 14.841
38204151 -115.435 32.766 9.51 1.5 -115.441 32.773 0.132 14.646
37534498 -115.451 32.787 9.17 1.9 -115.440 32.774 0.133 14.817
38262911 -115.435 32.766 9.58 2.4 -115.441 32.773 0.132 14.646
38262919 -115.434 32.765 9.59 1.1 -115.441 32.773 0.132 14.658
38272343 -115.441 32.771 9.90 1.2 -115.442 32.772 0.130 14.502
38272599 -115.440 32.770 9.89 1.9 -115.442 32.772 0.131 14.514
38285767 -115.445 32.789 8.88 1.6 -115.435 32.778 0.139 15.468
37604338 -115.437 32.769 9.49 2.3 -115.441 32.773 0.132 14.695
38551160 -115.436 32.775 9.86 1.9 -115.437 32.776 0.137 15.214
38551184 -115.436 32.774 9.87 1.5 -115.438 32.776 0.136 15.141
37214804 -115.435 32.774 9.85 1.5 -115.437 32.776 0.137 15.226
38330119 -115.537 32.707 7.87 1.3 -115.529 32.697 0.016 1.767
38333815 -115.533 32.703 7.93 1.9 -115.528 32.698 0.016 1.815
38333847 -115.533 32.703 7.96 1.8 -115.528 32.698 0.016 1.815
38333863 -115.534 32.703 7.51 1.9 -115.529 32.697 0.016 1.731
38335015 -115.531 32.700 6.95 2.1 -115.529 32.697 0.016 1.766
38586088 -115.485 32.746 8.76 1.5 -115.480 32.740 0.081 8.979
38593240 -115.432 32.770 9.84 2.5 -115.437 32.776 0.137 15.189
38430823 -115.441 32.782 9.19 1.2 -115.436 32.777 0.138 15.299
37218540 -115.441 32.781 9.26 1.0 -115.437 32.776 0.137 15.226
38431311 -115.441 32.781 9.51 1.7 -115.437 32.776 0.137 15.226
38431343 -115.441 32.781 9.58 1.9 -115.437 32.776 0.137 15.226
38431359 -115.440 32.780 9.54 1.7 -115.437 32.776 0.137 15.238
38431375 -115.442 32.783 9.19 1.7 -115.437 32.777 0.137 15.287
38431607 -115.443 32.784 9.43 1.8 -115.437 32.777 0.137 15.275
38441719 -115.436 32.771 8.69 2.0 -115.439 32.774 0.134 14.924
38458279 -115.428 32.761 8.34 2.3 -115.439 32.774 0.134 14.874
38458367 -115.430 32.763 8.39 2.2 -115.440 32.774 0.134 14.851
38465111 -115.488 32.726 9.21 2.1 -115.491 32.730 0.065 7.277
38470143 -115.491 32.729 9.05 2.1 -115.491 32.729 0.065 7.242
39112072 -115.443 32.773 9.76 1.5 -115.442 32.772 0.130 14.478
39112096 -115.443 32.773 9.82 1.4 -115.442 32.772 0.130 14.478
39112112 -115.443 32.773 9.79 2.0 -115.442 32.772 0.130 14.478
39112120 -115.442 32.772 9.92 1.7 -115.442 32.772 0.130 14.490
37428437 -115.443 32.774 9.68 1.1 -115.442 32.772 0.131 14.551
37428445 -115.443 32.773 9.87 1.1 -115.442 32.772 0.130 14.478
39130632 -115.443 32.774 9.91 1.2 -115.442 32.772 0.131 14.551
38932607 -115.487 32.742 10.05 1.4 -115.483 32.737 0.077 8.521
39201136 -115.537 32.696 3.86 1.3 -115.534 32.693 0.009 0.970
39008567 -115.484 32.740 10.11 2.2 -115.482 32.738 0.078 8.629
39282648 -115.440 32.771 9.46 1.9 -115.441 32.773 0.131 14.586
39292712 -115.449 32.784 8.94 1.3 -115.440 32.774 0.133 14.769
39292720 -115.449 32.784 8.90 1.3 -115.440 32.774 0.133 14.769
39069479 -115.431 32.760 10.55 1.4 -115.442 32.772 0.131 14.549
39074247 -115.500 32.736 8.42 1.5 -115.493 32.728 0.063 6.989
39080015 -115.431 32.767 10.16 1.6 -115.438 32.775 0.135 15.056
39088575 -115.448 32.790 9.00 1.9 -115.437 32.777 0.137 15.288
39088631 -115.447 32.789 9.00 1.6 -115.436 32.777 0.138 15.300
39088775 -115.444 32.786 9.28 2.0 -115.436 32.777 0.138 15.336
39088783 -115.445 32.788 9.28 1.8 -115.436 32.777 0.138 15.396
39088807 -115.444 32.785 9.29 2.4 -115.437 32.776 0.137 15.263
39088887 -115.446 32.789 9.28 1.8 -115.436 32.777 0.138 15.384
39088927 -115.445 32.787 9.35 2.6 -115.436 32.777 0.138 15.324
37443685 -115.447 32.790 9.20 2.4 -115.436 32.777 0.138 15.372
39088935 -115.446 32.788 9.54 3.1 -115.436 32.777 0.138 15.312
39088959 -115.442 32.783 9.46 1.9 -115.437 32.777 0.137 15.287
38393922 -115.436 32.774 9.53 1.6 -115.438 32.776 0.136 15.141
39106007 -115.437 32.775 9.40 1.4 -115.438 32.776 0.136 15.129
39111895 -115.437 32.776 9.66 1.4 -115.437 32.776 0.137 15.202
39117567 -115.442 32.773 9.48 2.6 -115.441 32.772 0.131 14.563
37439469 -115.442 32.771 9.34 1.9 -115.442 32.772 0.130 14.418
39117575 -115.442 32.774 9.34 1.9 -115.441 32.773 0.132 14.635
39117591 -115.442 32.774 9.15 1.5 -115.441 32.773 0.132 14.635
39117599 -115.442 32.774 9.15 1.7 -115.441 32.773 0.132 14.635
39118831 -115.447 32.787 10.20 1.2 -115.437 32.776 0.136 15.155
39118839 -115.447 32.787 10.20 1.7 -115.437 32.776 0.136 15.155
39119167 -115.447 32.787 10.24 1.4 -115.437 32.776 0.136 15.155
39122303 -115.443 32.784 10.37 1.4 -115.437 32.777 0.137 15.275
39400232 -115.431 32.777 10.87 1.8 -115.433 32.780 0.142 15.780
38480482 -115.425 32.763 10.29 1.7 -115.437 32.777 0.137 15.272
38482282 -115.436 32.764 8.69 1.2 -115.442 32.772 0.130 14.417
39199631 -115.438 32.770 9.26 1.3 -115.441 32.773 0.132 14.683
39291007 -115.450 32.787 8.65 1.5 -115.439 32.774 0.134 14.902
38602458 -115.488 32.743 10.25 1.8 -115.483 32.737 0.077 8.509
38680066 -115.537 32.698 5.66 1.5 -115.533 32.694 0.010 1.115
38705330 -115.441 32.796 10.10 1.2 -115.430 32.783 0.147 16.313
39652952 -115.432 32.769 10.05 1.4 -115.438 32.776 0.136 15.116
39443423 -115.517 32.697 5.58 2.2 -115.522 32.703 0.025 2.730
39507071 -115.447 32.783 9.00 2.6 -115.439 32.774 0.134 14.865
39508639 -115.436 32.775 9.80 1.1 -115.437 32.776 0.137 15.214
39510487 -115.447 32.782 9.30 1.7 -115.440 32.774 0.133 14.793
39753680 -115.448 32.783 9.52 1.7 -115.440 32.774 0.133 14.781
39760072 -115.449 32.785 9.45 2.0 -115.440 32.774 0.133 14.841
39538743 -115.434 32.773 9.91 1.5 -115.437 32.776 0.137 15.238
37465789 -115.429 32.771 10.36 1.4 -115.435 32.778 0.140 15.514
39552239 -115.465 32.731 9.89 1.3 -115.475 32.743 0.086 9.580
39577263 -115.445 32.778 9.36 1.3 -115.441 32.773 0.132 14.672
39593287 -115.489 32.744 10.09 1.2 -115.483 32.737 0.076 8.497
39593311 -115.489 32.744 10.08 1.5 -115.483 32.737 0.076 8.497
39595135 -115.429 32.764 10.59 1.4 -115.438 32.775 0.135 15.007
39842584 -115.436 32.776 9.57 1.5 -115.437 32.777 0.137 15.286
37472045 -115.437 32.776 9.70 1.3 -115.437 32.776 0.137 15.202
39842696 -115.436 32.776 9.84 1.4 -115.437 32.777 0.137 15.286
39842784 -115.439 32.779 9.44 2.4 -115.437 32.776 0.137 15.250
39842792 -115.436 32.776 9.64 2.9 -115.437 32.777 0.137 15.286
39842832 -115.435 32.774 9.77 1.4 -115.437 32.776 0.137 15.226
39842840 -115.437 32.778 9.18 2.2 -115.436 32.777 0.138 15.347
39842872 -115.434 32.774 9.77 3.2 -115.436 32.777 0.138 15.310
39842880 -115.435 32.774 9.50 2.3 -115.437 32.776 0.137 15.226
39842888 -115.435 32.774 9.71 2.2 -115.437 32.776 0.137 15.226
39842896 -115.437 32.777 9.92 3.7 -115.437 32.777 0.137 15.274
39842904 -115.434 32.773 9.51 2.6 -115.437 32.776 0.137 15.238
37471597 -115.433 32.772 9.52 1.8 -115.437 32.776 0.137 15.249
39842912 -115.433 32.772 9.52 1.8 -115.437 32.776 0.137 15.249
39842928 -115.443 32.785 9.40 2.1 -115.436 32.777 0.138 15.347
39843128 -115.439 32.778 9.94 1.6 -115.437 32.776 0.136 15.178
39843208 -115.434 32.769 8.94 1.7 -115.439 32.775 0.134 14.948
39843216 -115.433 32.768 8.82 2.2 -115.439 32.775 0.135 14.960
37471605 -115.434 32.769 8.70 2.3 -115.439 32.775 0.134 14.948
39843224 -115.434 32.768 8.91 1.9 -115.439 32.774 0.134 14.875
39843232 -115.445 32.784 10.36 1.9 -115.438 32.776 0.136 15.106
39844176 -115.431 32.768 10.10 1.8 -115.438 32.776 0.136 15.128
37471741 -115.432 32.768 10.26 1.6 -115.438 32.775 0.135 15.044
39844232 -115.431 32.769 9.81 2.8 -115.437 32.776 0.137 15.201
39844264 -115.431 32.769 9.86 2.9 -115.437 32.776 0.137 15.201
39844272 -115.433 32.772 9.47 2.8 -115.437 32.776 0.137 15.249
39845832 -115.436 32.768 8.31 3.4 -115.440 32.773 0.132 14.707
39899672 -115.449 32.789 9.84 1.5 -115.438 32.776 0.136 15.131
39748159 -115.437 32.768 9.54 1.7 -115.441 32.773 0.132 14.622
39755735 -115.446 32.786 9.92 1.1 -115.437 32.776 0.136 15.167
39764487 -115.472 32.736 9.65 1.3 -115.477 32.742 0.084 9.352
40033856 -115.436 32.767 10.19 1.4 -115.441 32.773 0.132 14.634
39850727 -115.435 32.766 9.62 1.9 -115.441 32.773 0.132 14.646
39912487 -115.437 32.769 9.26 2.9 -115.441 32.773 0.132 14.695
39917887 -115.440 32.770 9.92 1.7 -115.442 32.772 0.131 14.514
40200016 -115.527 32.699 5.66 1.6 -115.527 32.699 0.018 2.031
40200024 -115.527 32.699 5.67 1.9 -115.527 32.699 0.018 2.031
40205824 -115.529 32.703 4.30 1.3 -115.526 32.700 0.019 2.152
39969103 -115.527 32.698 5.73 2.7 -115.527 32.699 0.018 1.959
39969135 -115.527 32.699 5.73 2.5 -115.527 32.699 0.018 2.031
39982487 -115.441 32.793 9.64 1.7 -115.431 32.781 0.145 16.096
39982767 -115.441 32.794 9.61 1.6 -115.431 32.782 0.145 16.168
