ID lon[deg] lat[deg] depth[km] mag[ML] lon_proj[deg] lat_proj[deg] dist_proj[deg] dist_km_proj[deg]
14600444 -115.586 32.824 10.73 1.8 -115.585 32.825 0.056 6.178
14600764 -115.586 32.824 10.76 1.4 -115.585 32.825 0.056 6.178
14601460 -115.593 32.830 10.45 2.1 -115.590 32.832 0.047 5.193
14601468 -115.593 32.829 10.42 1.6 -115.590 32.831 0.048 5.286
29765759 -115.591 32.825 9.96 1.7 -115.587 32.828 0.052 5.780
14601780 -115.588 32.823 10.25 1.6 -115.585 32.825 0.055 6.149
14601772 -115.588 32.823 10.12 2.0 -115.585 32.825 0.055 6.149
14601788 -115.591 32.825 9.97 2.6 -115.587 32.828 0.052 5.780
14601892 -115.595 32.827 10.15 1.1 -115.589 32.831 0.048 5.349
14601916 -115.588 32.818 9.66 1.7 -115.583 32.821 0.059 6.613
14604396 -115.589 32.825 10.36 1.8 -115.587 32.827 0.053 5.902
10177370 -115.588 32.827 10.63 2.7 -115.587 32.828 0.052 5.777
14616692 -115.588 32.826 10.72 2.0 -115.587 32.827 0.053 5.870
14621124 -115.596 32.826 9.68 2.1 -115.589 32.831 0.048 5.381
14724108 -115.525 32.741 8.14 1.1 -115.529 32.739 0.158 17.616
10758533 -115.567 32.790 10.37 1.2 -115.564 32.792 0.094 10.498
14884836 -115.599 32.835 10.52 1.9 -115.594 32.838 0.039 4.362
14962604 -115.602 32.835 10.32 1.7 -115.595 32.840 0.038 4.178
11022717 -115.569 32.802 11.61 1.4 -115.570 32.801 0.083 9.261
11057973 -115.592 32.828 10.47 1.6 -115.589 32.830 0.049 5.440
15190889 -115.600 32.835 10.51 1.3 -115.594 32.839 0.039 4.301
11243106 -115.602 32.838 10.76 1.6 -115.596 32.842 0.035 3.900
11243114 -115.602 32.838 10.75 1.3 -115.596 32.842 0.035 3.900
11281282 -115.572 32.803 11.46 1.7 -115.571 32.803 0.081 8.985
15346089 -115.568 32.802 11.65 1.3 -115.570 32.801 0.084 9.322
11390674 -115.568 32.802 11.66 1.2 -115.570 32.801 0.084 9.322
11410098 -115.582 32.822 10.89 1.8 -115.583 32.821 0.059 6.608
11410386 -115.583 32.822 10.82 1.4 -115.583 32.822 0.059 6.547
15474729 -115.601 32.835 10.46 1.9 -115.595 32.839 0.038 4.239
15519265 -115.595 32.828 10.44 1.9 -115.590 32.831 0.047 5.256
15525817 -115.590 32.824 10.44 1.0 -115.586 32.826 0.053 5.934
37283080 -115.570 32.801 11.55 1.7 -115.570 32.801 0.084 9.293
37283096 -115.571 32.802 11.57 1.0 -115.571 32.802 0.082 9.139
37283272 -115.573 32.803 11.51 1.4 -115.572 32.804 0.080 8.923
37283336 -115.572 32.804 11.63 1.4 -115.572 32.804 0.080 8.892
37286784 -115.584 32.825 11.11 2.0 -115.585 32.824 0.056 6.208
37299744 -115.591 32.828 10.52 1.5 -115.589 32.830 0.049 5.501
37303048 -115.576 32.816 11.39 1.7 -115.578 32.814 0.068 7.533
37233229 -115.574 32.806 11.28 1.6 -115.573 32.806 0.077 8.584
37390872 -115.603 32.836 10.32 1.2 -115.596 32.841 0.036 4.024
37399696 -115.601 32.835 10.50 1.3 -115.595 32.839 0.038 4.239
37399728 -115.601 32.835 10.50 1.8 -115.595 32.839 0.038 4.239
37399768 -115.600 32.835 10.51 2.4 -115.594 32.839 0.039 4.301
37399776 -115.600 32.835 10.58 1.3 -115.594 32.839 0.039 4.301
37399984 -115.602 32.836 10.45 1.9 -115.596 32.840 0.037 4.085
37400024 -115.601 32.836 10.56 1.8 -115.595 32.840 0.037 4.147
37400048 -115.602 32.835 10.41 1.6 -115.595 32.840 0.038 4.178
37400136 -115.603 32.837 10.51 1.8 -115.596 32.841 0.035 3.931
37222919 -115.589 32.826 10.48 0.8 -115.587 32.827 0.052 5.809
37222935 -115.590 32.826 10.43 1.0 -115.587 32.828 0.052 5.748
37228071 -115.590 32.827 10.38 0.9 -115.588 32.828 0.051 5.655
37228119 -115.591 32.827 10.34 0.9 -115.588 32.829 0.050 5.594
37228135 -115.591 32.827 10.38 0.8 -115.588 32.829 0.050 5.594
37263101 -115.590 32.827 10.44 1.2 -115.588 32.828 0.051 5.655
37499312 -115.579 32.819 11.12 1.6 -115.581 32.818 0.064 7.070
37499320 -115.579 32.819 11.09 1.3 -115.581 32.818 0.064 7.070
37510016 -115.594 32.829 10.46 2.0 -115.590 32.832 0.047 5.225
37315247 -115.591 32.827 10.57 1.8 -115.588 32.829 0.050 5.594
37551240 -115.590 32.829 10.79 1.4 -115.589 32.830 0.049 5.469
37551568 -115.587 32.823 10.26 1.5 -115.585 32.824 0.056 6.210
37551576 -115.588 32.823 10.15 1.7 -115.585 32.825 0.055 6.149
37551584 -115.588 32.823 10.21 1.9 -115.585 32.825 0.055 6.149
37551616 -115.588 32.824 10.47 1.2 -115.586 32.825 0.054 6.056
37335119 -115.592 32.829 10.49 3.4 -115.589 32.831 0.048 5.347
37335135 -115.594 32.829 10.42 1.6 -115.590 32.832 0.047 5.225
37335143 -115.589 32.829 10.73 1.1 -115.588 32.829 0.050 5.530
37335183 -115.590 32.827 10.62 1.4 -115.588 32.828 0.051 5.655
37335335 -115.590 32.827 10.54 2.4 -115.588 32.828 0.051 5.655
37335343 -115.591 32.828 10.34 1.3 -115.589 32.830 0.049 5.501
37335383 -115.590 32.827 10.43 1.5 -115.588 32.828 0.051 5.655
37335399 -115.588 32.826 10.62 1.9 -115.587 32.827 0.053 5.870
37336071 -115.587 32.824 10.43 1.4 -115.585 32.825 0.055 6.117
37336103 -115.568 32.802 11.69 1.2 -115.570 32.801 0.084 9.322
37336167 -115.595 32.828 10.33 2.2 -115.590 32.831 0.047 5.256
37562456 -115.591 32.826 10.18 1.8 -115.588 32.828 0.051 5.687
37562464 -115.591 32.825 10.12 1.7 -115.587 32.828 0.052 5.780
37140172 -115.591 32.825 10.09 1.8 -115.587 32.828 0.052 5.780
37562472 -115.590 32.824 10.10 2.2 -115.586 32.826 0.053 5.934
37562480 -115.588 32.824 10.38 1.8 -115.586 32.825 0.054 6.056
37562488 -115.588 32.825 10.45 2.1 -115.586 32.826 0.054 5.963
37140164 -115.588 32.824 10.40 1.9 -115.586 32.825 0.054 6.056
37562496 -115.590 32.826 10.20 2.1 -115.587 32.828 0.052 5.748
37562504 -115.590 32.826 10.42 2.0 -115.587 32.828 0.052 5.748
37562512 -115.592 32.827 10.45 1.6 -115.588 32.829 0.050 5.533
37562520 -115.588 32.824 10.24 1.4 -115.586 32.825 0.054 6.056
37562528 -115.586 32.823 10.46 1.6 -115.585 32.824 0.056 6.271
37562544 -115.587 32.823 10.31 1.4 -115.585 32.824 0.056 6.210
37562536 -115.585 32.822 10.42 2.6 -115.584 32.823 0.058 6.425
37562552 -115.588 32.825 10.36 1.5 -115.586 32.826 0.054 5.963
37563568 -115.585 32.823 10.80 1.6 -115.584 32.823 0.057 6.332
37563576 -115.586 32.824 10.73 1.8 -115.585 32.825 0.056 6.178
37563952 -115.582 32.821 10.96 1.7 -115.583 32.821 0.060 6.701
37563960 -115.583 32.822 10.89 1.6 -115.583 32.822 0.059 6.547
37563968 -115.584 32.820 10.44 1.2 -115.583 32.821 0.060 6.672
37564120 -115.586 32.825 10.75 2.9 -115.586 32.825 0.055 6.085
37564264 -115.585 32.824 10.76 1.5 -115.585 32.824 0.056 6.239
37564272 -115.586 32.826 10.79 1.5 -115.586 32.826 0.054 5.992
37564448 -115.585 32.825 10.79 1.4 -115.585 32.825 0.055 6.146
37564680 -115.585 32.826 10.88 1.7 -115.586 32.825 0.054 6.054
37564928 -115.586 32.823 10.94 1.7 -115.585 32.824 0.056 6.271
37565080 -115.586 32.825 10.82 1.4 -115.586 32.825 0.055 6.085
37565240 -115.589 32.827 10.66 1.0 -115.587 32.828 0.051 5.716
37565392 -115.586 32.825 10.75 1.3 -115.586 32.825 0.055 6.085
37567656 -115.587 32.823 10.25 1.6 -115.585 32.824 0.056 6.210
37567664 -115.588 32.823 10.25 1.6 -115.585 32.825 0.055 6.149
37391759 -115.605 32.839 10.71 1.3 -115.598 32.844 0.033 3.623
37618752 -115.604 32.837 10.52 1.2 -115.597 32.842 0.035 3.870
37418239 -115.582 32.820 10.68 1.3 -115.582 32.820 0.061 6.794
37475567 -115.570 32.802 11.03 1.1 -115.570 32.802 0.083 9.200
37475671 -115.571 32.802 10.98 1.2 -115.571 32.802 0.082 9.139
37575607 -115.570 32.802 11.56 1.1 -115.570 32.802 0.083 9.200
37646495 -115.604 32.837 10.41 1.3 -115.597 32.842 0.035 3.870
37646511 -115.604 32.837 10.36 1.3 -115.597 32.842 0.035 3.870
37646591 -115.603 32.837 10.33 3.0 -115.596 32.841 0.035 3.931
37646599 -115.603 32.836 10.34 2.0 -115.596 32.841 0.036 4.024
37646607 -115.603 32.836 10.37 2.1 -115.596 32.841 0.036 4.024
37646687 -115.602 32.836 10.43 1.8 -115.596 32.840 0.037 4.085
37647191 -115.605 32.839 10.64 1.5 -115.598 32.844 0.033 3.623
37729263 -115.569 32.801 11.52 1.1 -115.569 32.801 0.084 9.354
37765127 -115.603 32.837 10.72 1.0 -115.596 32.841 0.035 3.931
37765839 -115.604 32.837 10.71 1.1 -115.597 32.842 0.035 3.870
37766295 -115.604 32.837 10.50 1.7 -115.597 32.842 0.035 3.870
37766303 -115.603 32.837 10.72 1.4 -115.596 32.841 0.035 3.931
38007144 -115.601 32.834 10.58 2.3 -115.594 32.838 0.039 4.332
37827527 -115.588 32.828 10.73 1.2 -115.588 32.828 0.051 5.684
38109000 -115.564 32.793 10.21 1.8 -115.564 32.793 0.094 10.402
37910679 -115.578 32.815 11.15 1.8 -115.579 32.815 0.067 7.503
37910759 -115.579 32.819 11.08 1.5 -115.581 32.818 0.064 7.070
38170976 -115.558 32.774 10.38 1.4 -115.554 32.777 0.113 12.534
38201048 -115.571 32.793 9.61 1.1 -115.566 32.796 0.090 9.974
38201056 -115.571 32.793 9.60 1.3 -115.566 32.796 0.090 9.974
38348920 -115.598 32.836 10.87 1.1 -115.594 32.838 0.039 4.330
38358864 -115.560 32.801 9.39 1.6 -115.567 32.797 0.089 9.904
37609418 -115.594 32.834 10.91 1.3 -115.592 32.835 0.043 4.760
38615624 -115.569 32.788 8.66 1.5 -115.564 32.792 0.095 10.561
38986872 -115.585 32.822 10.91 1.5 -115.584 32.823 0.058 6.425
38848631 -115.584 32.825 10.93 1.6 -115.585 32.824 0.056 6.208
38848991 -115.585 32.825 10.89 1.4 -115.585 32.825 0.055 6.146
38248122 -115.573 32.805 11.29 1.1 -115.573 32.805 0.079 8.738
38253994 -115.574 32.806 11.28 1.7 -115.573 32.806 0.077 8.584
37430981 -115.574 32.806 11.34 1.6 -115.573 32.806 0.077 8.584
39227664 -115.572 32.803 11.20 1.4 -115.571 32.803 0.081 8.985
39227672 -115.572 32.803 11.12 1.1 -115.571 32.803 0.081 8.985
39230368 -115.571 32.805 11.44 1.3 -115.572 32.804 0.080 8.860
39230376 -115.571 32.805 11.45 1.3 -115.572 32.804 0.080 8.860
39008695 -115.575 32.804 11.01 1.3 -115.573 32.806 0.078 8.708
39017399 -115.568 32.800 11.33 1.2 -115.569 32.800 0.086 9.508
39017703 -115.568 32.800 11.28 1.2 -115.569 32.800 0.086 9.508
39069455 -115.568 32.802 11.69 0.9 -115.570 32.801 0.084 9.322
39110399 -115.570 32.802 11.47 1.3 -115.570 32.802 0.083 9.200
37438989 -115.571 32.802 11.49 0.9 -115.571 32.802 0.082 9.139
39110407 -115.571 32.802 11.50 1.6 -115.571 32.802 0.082 9.139
39126007 -115.571 32.803 11.53 1.3 -115.571 32.803 0.081 9.046
37440645 -115.571 32.803 11.57 1.5 -115.571 32.803 0.081 9.046
39126015 -115.571 32.803 11.50 1.4 -115.571 32.803 0.081 9.046
39126023 -115.571 32.804 11.45 1.6 -115.571 32.804 0.081 8.953
39126031 -115.573 32.805 11.38 1.5 -115.573 32.805 0.079 8.738
39223599 -115.577 32.806 10.96 1.2 -115.574 32.808 0.076 8.400
39223663 -115.576 32.806 10.96 1.5 -115.574 32.807 0.076 8.461
39446135 -115.569 32.801 11.53 1.3 -115.569 32.801 0.084 9.354
37303996 -115.569 32.801 11.54 1.2 -115.569 32.801 0.084 9.354
39446143 -115.569 32.801 11.52 1.2 -115.569 32.801 0.084 9.354
39446151 -115.569 32.801 11.55 1.3 -115.569 32.801 0.084 9.354
39447439 -115.588 32.823 10.16 1.5 -115.585 32.825 0.055 6.149
39728256 -115.597 32.835 10.84 1.4 -115.594 32.837 0.040 4.484
39728264 -115.596 32.835 10.86 1.2 -115.593 32.837 0.041 4.545
39658927 -115.575 32.807 11.21 1.4 -115.574 32.808 0.076 8.430
39909200 -115.570 32.802 11.56 1.8 -115.570 32.802 0.083 9.200
39909216 -115.570 32.802 11.59 1.6 -115.570 32.802 0.083 9.200
39909224 -115.570 32.803 11.63 1.5 -115.571 32.803 0.082 9.107
39909232 -115.569 32.802 11.60 1.4 -115.570 32.801 0.083 9.261
37326068 -115.568 32.807 12.26 1.1 -115.572 32.804 0.080 8.858
40178896 -115.598 32.836 10.89 1.3 -115.594 32.838 0.039 4.330
40178912 -115.598 32.836 10.89 1.2 -115.594 32.838 0.039 4.330
40178920 -115.598 32.836 10.88 1.2 -115.594 32.838 0.039 4.330
37489901 -115.596 32.825 9.67 1.3 -115.589 32.830 0.049 5.474
40202432 -115.588 32.818 9.77 1.8 -115.583 32.821 0.059 6.613
39971687 -115.593 32.824 9.81 1.8 -115.587 32.828 0.052 5.750
