ID lon[deg] lat[deg] depth[km] mag[ML] lon_proj[deg] lat_proj[deg] dist_proj[deg] dist_km_proj[deg]
14567444 -115.425 32.749 11.09 1.3 -115.427 32.748 0.213 23.709
14567452 -115.424 32.749 10.80 1.7 -115.427 32.747 0.214 23.771
14568588 -115.419 32.750 11.12 1.6 -115.426 32.746 0.216 23.983
14568620 -115.418 32.749 11.23 2.5 -115.425 32.744 0.217 24.137
14568628 -115.418 32.749 11.02 2.1 -115.425 32.744 0.217 24.137
14568652 -115.418 32.748 11.04 1.9 -115.425 32.744 0.218 24.230
14568788 -115.419 32.751 11.05 1.7 -115.426 32.746 0.215 23.890
14568796 -115.420 32.751 11.07 1.3 -115.427 32.747 0.214 23.829
14568956 -115.417 32.740 11.24 2.0 -115.421 32.738 0.225 25.034
10532613 -115.452 32.789 9.25 0.8 -115.454 32.788 0.165 18.344
10532605 -115.452 32.788 9.12 1.7 -115.453 32.787 0.166 18.436
14581836 -115.453 32.790 8.66 2.2 -115.454 32.789 0.164 18.190
10544317 -115.445 32.784 9.98 1.8 -115.449 32.781 0.173 19.236
10144162 -115.446 32.785 9.91 1.7 -115.450 32.782 0.172 19.082
10545853 -115.418 32.748 9.50 1.9 -115.425 32.744 0.218 24.230
10546117 -115.446 32.785 10.44 1.2 -115.450 32.782 0.172 19.082
14595860 -115.426 32.758 10.86 1.4 -115.432 32.754 0.205 22.812
14604068 -115.453 32.789 8.80 1.7 -115.454 32.788 0.164 18.282
14606740 -115.441 32.779 9.31 1.4 -115.446 32.776 0.179 19.945
14606756 -115.440 32.778 9.63 1.4 -115.445 32.775 0.181 20.099
14606812 -115.439 32.777 9.56 1.5 -115.444 32.774 0.182 20.253
10666589 -115.432 32.761 10.49 1.5 -115.435 32.759 0.199 22.167
14774644 -115.435 32.766 9.73 1.7 -115.438 32.764 0.194 21.519
10759445 -115.425 32.759 11.04 1.2 -115.432 32.755 0.205 22.781
10783421 -115.426 32.760 11.04 1.5 -115.432 32.756 0.203 22.627
10785429 -115.466 32.816 9.27 1.9 -115.470 32.813 0.135 14.980
10785453 -115.466 32.817 9.19 1.3 -115.471 32.814 0.134 14.887
10785581 -115.469 32.821 9.00 2.0 -115.474 32.818 0.129 14.332
10788421 -115.467 32.818 9.28 2.0 -115.472 32.815 0.132 14.733
14856212 -115.461 32.803 9.19 2.2 -115.463 32.802 0.148 16.493
14856596 -115.459 32.806 9.35 1.5 -115.464 32.803 0.147 16.337
14860852 -115.454 32.799 9.15 1.9 -115.459 32.796 0.156 17.292
14860860 -115.454 32.799 9.04 1.7 -115.459 32.796 0.156 17.292
14860868 -115.453 32.798 9.10 1.2 -115.458 32.795 0.157 17.447
14860876 -115.452 32.798 9.21 1.4 -115.458 32.794 0.157 17.508
14860924 -115.454 32.799 6.27 1.8 -115.459 32.796 0.156 17.292
14860932 -115.453 32.798 9.23 1.9 -115.458 32.795 0.157 17.447
14860948 -115.452 32.797 9.15 1.8 -115.457 32.793 0.158 17.601
14860956 -115.453 32.799 9.07 2.7 -115.459 32.795 0.156 17.354
14860972 -115.454 32.799 9.07 2.5 -115.459 32.796 0.156 17.292
14860980 -115.455 32.800 8.95 1.4 -115.460 32.797 0.154 17.138
14860988 -115.452 32.797 8.97 1.6 -115.457 32.793 0.158 17.601
14861004 -115.455 32.801 8.94 1.2 -115.460 32.798 0.153 17.046
14861012 -115.455 32.801 9.09 1.6 -115.460 32.798 0.153 17.046
14861036 -115.452 32.796 8.96 1.7 -115.457 32.793 0.159 17.693
14861060 -115.452 32.796 8.93 1.9 -115.457 32.793 0.159 17.693
14861100 -115.449 32.792 9.20 1.6 -115.454 32.789 0.164 18.248
14861108 -115.450 32.794 9.17 1.8 -115.455 32.790 0.162 18.001
14861172 -115.447 32.790 9.11 1.7 -115.453 32.786 0.167 18.556
14861420 -115.446 32.788 9.03 1.8 -115.451 32.784 0.169 18.803
14861428 -115.446 32.789 8.97 2.0 -115.452 32.785 0.168 18.710
14861612 -115.447 32.791 9.41 1.4 -115.453 32.787 0.166 18.463
14861620 -115.445 32.786 9.01 1.7 -115.450 32.783 0.171 19.050
14861628 -115.445 32.787 9.13 1.9 -115.451 32.783 0.170 18.957
14861668 -115.446 32.790 9.53 1.3 -115.452 32.786 0.167 18.618
14861732 -115.444 32.784 9.21 1.1 -115.449 32.781 0.174 19.297
14861836 -115.443 32.785 9.60 1.2 -115.449 32.781 0.173 19.265
14861852 -115.443 32.785 9.47 1.5 -115.449 32.781 0.173 19.265
10835221 -115.468 32.814 9.73 1.1 -115.470 32.813 0.135 15.043
10876253 -115.436 32.773 9.48 1.3 -115.441 32.769 0.187 20.808
10876269 -115.438 32.776 9.23 2.1 -115.443 32.772 0.184 20.407
10876277 -115.438 32.776 9.39 1.3 -115.443 32.772 0.184 20.407
14932228 -115.406 32.729 10.83 1.3 -115.412 32.725 0.240 26.729
10906285 -115.437 32.768 8.94 1.1 -115.439 32.766 0.191 21.211
10907717 -115.465 32.807 9.17 1.6 -115.466 32.806 0.143 15.877
10913469 -115.438 32.768 10.16 1.6 -115.440 32.767 0.190 21.150
14962428 -115.439 32.777 9.75 1.7 -115.444 32.774 0.182 20.253
14962652 -115.439 32.776 9.67 1.6 -115.444 32.773 0.183 20.346
14988132 -115.423 32.750 10.32 1.9 -115.427 32.747 0.213 23.739
14988292 -115.402 32.707 11.60 1.6 -115.401 32.708 0.261 29.017
14993068 -115.443 32.774 9.46 2.0 -115.444 32.773 0.182 20.287
15001668 -115.465 32.809 9.05 1.4 -115.467 32.808 0.141 15.691
15001716 -115.465 32.808 9.19 1.9 -115.466 32.807 0.142 15.784
15001812 -115.464 32.807 9.29 1.8 -115.466 32.806 0.143 15.938
10961133 -115.435 32.766 9.49 1.8 -115.438 32.764 0.194 21.519
10961717 -115.440 32.778 9.34 2.5 -115.445 32.775 0.181 20.099
10961725 -115.439 32.777 9.46 1.7 -115.444 32.774 0.182 20.253
10961813 -115.440 32.777 9.17 1.4 -115.445 32.774 0.182 20.192
15009188 -115.469 32.814 9.30 1.8 -115.470 32.813 0.135 14.982
15009444 -115.468 32.813 9.32 2.0 -115.470 32.812 0.136 15.136
15009452 -115.468 32.813 9.27 1.9 -115.470 32.812 0.136 15.136
15017612 -115.462 32.811 8.80 2.2 -115.467 32.808 0.141 15.689
15017620 -115.461 32.808 8.78 1.9 -115.465 32.805 0.144 16.029
15017636 -115.464 32.813 9.34 3.0 -115.468 32.810 0.138 15.381
15017652 -115.464 32.814 8.97 1.6 -115.469 32.811 0.137 15.288
15017660 -115.460 32.808 9.03 1.8 -115.465 32.805 0.145 16.090
15017668 -115.464 32.815 8.94 1.9 -115.469 32.812 0.137 15.195
15017676 -115.459 32.806 8.99 1.8 -115.464 32.803 0.147 16.337
15017684 -115.465 32.816 8.79 2.3 -115.470 32.813 0.135 15.041
15017700 -115.466 32.815 9.41 1.4 -115.470 32.812 0.136 15.073
15017732 -115.458 32.805 8.94 1.5 -115.463 32.802 0.148 16.491
15017748 -115.465 32.816 9.30 1.5 -115.470 32.813 0.135 15.041
15017740 -115.466 32.816 9.07 2.0 -115.470 32.813 0.135 14.980
15017756 -115.458 32.804 8.82 2.4 -115.462 32.801 0.149 16.584
15017764 -115.459 32.807 9.08 2.8 -115.464 32.804 0.146 16.244
15017772 -115.458 32.804 8.91 1.9 -115.462 32.801 0.149 16.584
15017788 -115.459 32.804 8.72 1.4 -115.463 32.802 0.149 16.522
15017796 -115.459 32.807 8.87 1.7 -115.464 32.804 0.146 16.244
15017804 -115.458 32.805 8.83 1.8 -115.463 32.802 0.148 16.491
15017812 -115.456 32.803 9.21 1.3 -115.461 32.800 0.151 16.799
15017820 -115.456 32.802 8.87 1.4 -115.461 32.799 0.152 16.892
15017876 -115.464 32.811 9.52 1.5 -115.467 32.809 0.140 15.567
15017892 -115.456 32.801 8.84 2.7 -115.460 32.798 0.153 16.984
15017900 -115.455 32.800 8.94 1.6 -115.460 32.797 0.154 17.138
15017908 -115.454 32.800 9.02 2.0 -115.459 32.796 0.155 17.200
15017916 -115.454 32.799 9.00 1.6 -115.459 32.796 0.156 17.292
15017956 -115.457 32.803 9.26 1.5 -115.462 32.800 0.151 16.738
15018028 -115.456 32.802 9.21 1.6 -115.461 32.799 0.152 16.892
15018404 -115.458 32.804 9.09 2.3 -115.462 32.801 0.149 16.584
15018420 -115.457 32.802 8.96 1.4 -115.461 32.799 0.151 16.830
15018412 -115.458 32.805 8.94 3.0 -115.463 32.802 0.148 16.491
15018428 -115.456 32.802 9.24 1.7 -115.461 32.799 0.152 16.892
15018468 -115.462 32.808 9.31 1.8 -115.465 32.806 0.144 15.967
15019044 -115.445 32.787 9.98 1.3 -115.451 32.783 0.170 18.957
15021532 -115.432 32.769 10.12 1.4 -115.438 32.765 0.193 21.424
15021772 -115.432 32.770 10.34 1.1 -115.439 32.765 0.192 21.331
10981301 -115.463 32.817 9.59 1.2 -115.470 32.812 0.136 15.070
10985701 -115.443 32.784 10.47 1.2 -115.449 32.780 0.174 19.358
10986085 -115.451 32.787 9.10 1.6 -115.452 32.786 0.167 18.590
10990253 -115.432 32.769 9.95 1.6 -115.438 32.765 0.193 21.424
10990261 -115.432 32.769 10.02 1.8 -115.438 32.765 0.193 21.424
10990285 -115.430 32.766 10.21 1.4 -115.436 32.762 0.196 21.825
10990365 -115.430 32.765 10.36 3.0 -115.436 32.761 0.197 21.918
37005119 -115.434 32.773 9.57 1.1 -115.441 32.768 0.188 20.930
10990501 -115.435 32.775 9.45 2.8 -115.442 32.770 0.186 20.683
10990509 -115.434 32.774 9.42 1.5 -115.441 32.769 0.187 20.837
10990517 -115.434 32.772 9.71 1.4 -115.440 32.768 0.189 21.023
10990541 -115.432 32.769 9.60 2.4 -115.438 32.765 0.193 21.424
10990549 -115.428 32.762 10.41 2.1 -115.434 32.758 0.201 22.319
10990589 -115.433 32.770 9.76 1.8 -115.439 32.766 0.191 21.270
10990645 -115.436 32.776 9.20 2.5 -115.443 32.771 0.185 20.529
10990653 -115.436 32.775 9.98 2.4 -115.442 32.771 0.185 20.622
37005127 -115.434 32.773 9.92 2.1 -115.441 32.768 0.188 20.930
10990973 -115.433 32.771 9.62 1.5 -115.440 32.767 0.190 21.177
10991725 -115.437 32.777 9.28 2.1 -115.444 32.773 0.183 20.375
10991741 -115.437 32.777 9.57 2.4 -115.444 32.773 0.183 20.375
10991749 -115.438 32.778 9.55 1.8 -115.444 32.774 0.182 20.221
10991757 -115.436 32.775 9.53 1.6 -115.442 32.771 0.185 20.622
10991765 -115.438 32.778 9.10 2.1 -115.444 32.774 0.182 20.221
10991781 -115.439 32.779 9.50 2.5 -115.445 32.775 0.180 20.067
15062452 -115.423 32.748 10.96 2.2 -115.426 32.746 0.215 23.925
15062460 -115.423 32.749 11.01 1.8 -115.427 32.747 0.214 23.832
15062468 -115.424 32.750 11.04 1.6 -115.427 32.748 0.213 23.678
15062476 -115.423 32.748 11.02 1.8 -115.426 32.746 0.215 23.925
11036141 -115.444 32.786 9.54 1.4 -115.450 32.782 0.172 19.111
11036149 -115.444 32.785 9.43 2.4 -115.449 32.781 0.173 19.204
11036157 -115.444 32.785 9.43 1.6 -115.449 32.781 0.173 19.204
11036165 -115.445 32.787 9.46 2.4 -115.451 32.783 0.170 18.957
11036173 -115.446 32.788 9.51 1.3 -115.451 32.784 0.169 18.803
11036189 -115.443 32.784 9.59 1.5 -115.449 32.780 0.174 19.358
11036181 -115.443 32.784 9.15 1.4 -115.449 32.780 0.174 19.358
11036221 -115.447 32.790 9.10 1.6 -115.453 32.786 0.167 18.556
11036261 -115.447 32.790 10.16 1.6 -115.453 32.786 0.167 18.556
11036269 -115.448 32.792 9.00 1.8 -115.454 32.788 0.165 18.309
11036285 -115.450 32.792 9.58 2.4 -115.454 32.789 0.164 18.187
11036293 -115.448 32.791 8.94 1.9 -115.453 32.787 0.165 18.402
11036301 -115.446 32.789 8.90 1.9 -115.452 32.785 0.168 18.710
11036309 -115.448 32.792 8.39 2.1 -115.454 32.788 0.165 18.309
11036357 -115.450 32.795 9.08 1.5 -115.456 32.791 0.161 17.909
15079444 -115.451 32.795 8.90 2.0 -115.456 32.792 0.161 17.847
15079460 -115.451 32.795 9.02 1.6 -115.456 32.792 0.161 17.847
15079484 -115.451 32.795 9.07 1.6 -115.456 32.792 0.161 17.847
15079564 -115.452 32.797 8.90 1.6 -115.457 32.793 0.158 17.601
15080060 -115.424 32.756 10.88 1.2 -115.430 32.752 0.208 23.120
15084580 -115.471 32.813 8.34 1.6 -115.470 32.813 0.134 14.953
11045221 -115.408 32.728 11.10 1.5 -115.412 32.725 0.240 26.699
11047117 -115.419 32.742 10.62 1.9 -115.422 32.740 0.222 24.726
15103316 -115.448 32.793 8.45 1.3 -115.454 32.789 0.164 18.217
37015919 -115.463 32.805 9.25 1.1 -115.464 32.804 0.146 16.185
15105124 -115.462 32.805 9.18 1.5 -115.464 32.804 0.146 16.246
11086826 -115.433 32.762 10.40 1.6 -115.436 32.760 0.198 22.013
11101890 -115.453 32.798 9.21 1.5 -115.458 32.795 0.157 17.447
15148801 -115.436 32.771 8.71 1.9 -115.441 32.768 0.189 20.994
15148825 -115.433 32.765 8.85 1.9 -115.437 32.762 0.195 21.734
37072476 -115.433 32.766 8.78 1.7 -115.437 32.763 0.195 21.641
15148841 -115.432 32.766 9.15 1.7 -115.437 32.763 0.195 21.703
15148849 -115.433 32.766 9.04 2.4 -115.437 32.763 0.195 21.641
37072636 -115.434 32.768 8.80 2.2 -115.439 32.765 0.192 21.394
15148889 -115.432 32.765 9.30 2.0 -115.437 32.762 0.196 21.795
15148897 -115.430 32.763 9.15 2.4 -115.435 32.760 0.199 22.103
15148913 -115.429 32.761 9.20 1.9 -115.434 32.758 0.201 22.350
15148961 -115.428 32.759 9.02 1.6 -115.433 32.756 0.203 22.597
15151369 -115.448 32.784 8.90 1.9 -115.450 32.783 0.171 19.052
15151537 -115.448 32.785 8.71 2.0 -115.451 32.783 0.171 18.960
15151905 -115.446 32.782 8.71 1.5 -115.449 32.780 0.174 19.361
15163169 -115.449 32.788 9.75 1.5 -115.452 32.786 0.167 18.620
11129234 -115.448 32.784 8.95 2.0 -115.450 32.783 0.171 19.052
15177905 -115.428 32.752 9.17 1.8 -115.429 32.751 0.209 23.247
15178049 -115.441 32.770 10.03 1.7 -115.442 32.770 0.187 20.781
15178057 -115.440 32.770 9.92 1.7 -115.441 32.769 0.187 20.842
15180321 -115.440 32.771 9.48 1.5 -115.442 32.770 0.187 20.749
15181217 -115.469 32.822 8.63 1.6 -115.474 32.819 0.128 14.239
15185265 -115.432 32.760 10.58 1.8 -115.434 32.758 0.200 22.260
15187057 -115.447 32.783 8.75 3.3 -115.449 32.781 0.173 19.207
15187065 -115.448 32.784 8.88 1.6 -115.450 32.783 0.171 19.052
15187761 -115.447 32.782 9.48 1.6 -115.449 32.781 0.174 19.299
15193057 -115.429 32.758 9.95 1.7 -115.432 32.756 0.204 22.629
15193065 -115.428 32.758 10.21 1.8 -115.432 32.755 0.204 22.690
15193777 -115.424 32.745 9.09 1.4 -115.425 32.744 0.217 24.142
15222697 -115.428 32.759 9.82 1.5 -115.433 32.756 0.203 22.597
15235545 -115.426 32.753 10.69 2.6 -115.429 32.751 0.209 23.277
15236865 -115.427 32.755 10.66 1.8 -115.431 32.753 0.207 23.030
15239569 -115.450 32.794 9.65 1.7 -115.455 32.790 0.162 18.001
15241745 -115.424 32.752 10.18 1.8 -115.428 32.749 0.211 23.492
15241761 -115.424 32.751 10.34 1.8 -115.428 32.749 0.212 23.585
11207530 -115.467 32.818 9.68 1.7 -115.472 32.815 0.132 14.733
11207538 -115.467 32.817 9.37 2.1 -115.471 32.814 0.133 14.826
37104043 -115.468 32.819 9.54 2.1 -115.472 32.816 0.131 14.579
37104051 -115.466 32.816 9.23 2.0 -115.470 32.813 0.135 14.980
11207546 -115.467 32.818 9.41 2.8 -115.472 32.815 0.132 14.733
11207554 -115.468 32.819 9.47 2.0 -115.472 32.816 0.131 14.579
11207626 -115.417 32.739 10.56 1.6 -115.420 32.737 0.226 25.127
15253849 -115.410 32.732 10.94 1.8 -115.415 32.729 0.236 26.205
15256737 -115.429 32.751 8.55 1.9 -115.429 32.751 0.209 23.279
15268753 -115.422 32.748 10.26 1.5 -115.426 32.746 0.216 23.986
15279529 -115.451 32.783 7.96 1.6 -115.451 32.783 0.171 18.962
37106300 -115.432 32.763 9.75 1.6 -115.436 32.761 0.198 21.981
15280993 -115.466 32.812 9.58 1.2 -115.468 32.810 0.138 15.351
11246698 -115.421 32.753 10.98 1.8 -115.428 32.749 0.212 23.582
15295633 -115.471 32.817 9.52 1.2 -115.472 32.816 0.131 14.581
15309817 -115.437 32.768 9.38 1.5 -115.439 32.766 0.191 21.211
15309833 -115.437 32.769 9.29 2.2 -115.440 32.767 0.190 21.118
37110236 -115.447 32.787 9.84 1.1 -115.451 32.784 0.169 18.835
15332993 -115.442 32.772 9.78 1.9 -115.443 32.771 0.185 20.534
15333001 -115.442 32.772 9.90 1.6 -115.443 32.771 0.185 20.534
15333009 -115.442 32.772 9.80 2.3 -115.443 32.771 0.185 20.534
15335777 -115.470 32.815 8.16 1.6 -115.471 32.814 0.133 14.828
15337769 -115.428 32.762 10.92 1.6 -115.434 32.758 0.201 22.319
15341249 -115.470 32.816 9.36 1.4 -115.472 32.815 0.133 14.735
11322338 -115.437 32.768 9.58 1.6 -115.439 32.766 0.191 21.211
11322354 -115.437 32.768 9.54 1.6 -115.439 32.766 0.191 21.211
11325978 -115.425 32.750 11.00 1.5 -115.428 32.748 0.212 23.617
11329850 -115.425 32.751 10.88 1.8 -115.428 32.749 0.212 23.524
11331186 -115.424 32.750 10.79 1.6 -115.427 32.748 0.213 23.678
11333898 -115.438 32.778 9.95 1.4 -115.444 32.774 0.182 20.221
15394937 -115.424 32.750 10.96 1.9 -115.427 32.748 0.213 23.678
15395081 -115.446 32.782 8.33 1.3 -115.449 32.780 0.174 19.361
15396769 -115.443 32.774 9.32 1.6 -115.444 32.773 0.182 20.287
11376922 -115.385 32.692 11.69 1.9 -115.389 32.689 0.283 31.449
11389146 -115.467 32.824 8.65 1.6 -115.474 32.819 0.127 14.176
11389154 -115.467 32.824 8.52 2.0 -115.474 32.819 0.127 14.176
11412498 -115.455 32.806 8.70 1.7 -115.462 32.801 0.149 16.581
15467425 -115.466 32.811 9.05 1.8 -115.468 32.810 0.139 15.444
15467433 -115.467 32.811 9.05 1.2 -115.468 32.810 0.138 15.383
15467441 -115.466 32.810 9.24 1.5 -115.468 32.809 0.140 15.537
15468017 -115.425 32.757 10.69 1.7 -115.431 32.753 0.207 22.966
15472505 -115.446 32.789 9.14 1.8 -115.452 32.785 0.168 18.710
15472521 -115.447 32.790 9.09 1.9 -115.453 32.786 0.167 18.556
15472529 -115.446 32.789 9.34 1.6 -115.452 32.785 0.168 18.710
15472537 -115.446 32.789 9.24 2.0 -115.452 32.785 0.168 18.710
15472545 -115.446 32.788 9.31 1.8 -115.451 32.784 0.169 18.803
15472553 -115.446 32.789 9.36 2.5 -115.452 32.785 0.168 18.710
15472921 -115.443 32.784 9.18 1.6 -115.449 32.780 0.174 19.358
37177021 -115.444 32.785 9.09 1.4 -115.449 32.781 0.173 19.204
15480209 -115.421 32.745 10.92 1.6 -115.424 32.743 0.219 24.325
15485129 -115.424 32.749 11.12 1.6 -115.427 32.747 0.214 23.771
37211792 -115.470 32.812 8.42 1.7 -115.470 32.812 0.136 15.107
15500385 -115.446 32.785 10.32 2.1 -115.450 32.782 0.172 19.082
15511465 -115.462 32.811 8.70 2.5 -115.467 32.808 0.141 15.689
15511481 -115.465 32.816 9.06 2.0 -115.470 32.813 0.135 15.041
15511497 -115.465 32.816 9.17 1.7 -115.470 32.813 0.135 15.041
15511489 -115.464 32.815 9.09 2.6 -115.469 32.812 0.137 15.195
15511585 -115.462 32.810 9.03 2.4 -115.466 32.807 0.142 15.782
37236208 -115.442 32.775 8.89 2.0 -115.444 32.774 0.182 20.255
37236216 -115.442 32.774 8.93 1.9 -115.444 32.773 0.183 20.348
37236528 -115.452 32.801 8.64 1.2 -115.459 32.796 0.155 17.229
37236536 -115.453 32.801 8.71 1.7 -115.459 32.797 0.154 17.168
15520161 -115.455 32.800 9.09 1.8 -115.460 32.797 0.154 17.138
15530337 -115.440 32.771 9.49 1.1 -115.442 32.770 0.187 20.749
37206381 -115.440 32.771 9.46 1.0 -115.442 32.770 0.187 20.749
15535729 -115.444 32.777 9.36 1.5 -115.446 32.776 0.179 19.947
15535985 -115.444 32.778 9.35 1.8 -115.446 32.777 0.179 19.854
15536001 -115.444 32.777 9.30 1.3 -115.446 32.776 0.179 19.947
15536049 -115.443 32.774 9.48 2.3 -115.444 32.773 0.182 20.287
15536089 -115.444 32.777 9.31 2.0 -115.446 32.776 0.179 19.947
37259648 -115.438 32.779 9.08 1.4 -115.445 32.774 0.181 20.128
37208861 -115.438 32.779 9.12 1.2 -115.445 32.774 0.181 20.128
37259960 -115.452 32.790 9.11 1.1 -115.454 32.789 0.164 18.251
37262864 -115.430 32.766 10.22 1.7 -115.436 32.762 0.196 21.825
37263360 -115.431 32.767 10.07 1.7 -115.437 32.763 0.195 21.671
37263368 -115.431 32.768 10.04 1.9 -115.438 32.764 0.194 21.578
37263616 -115.431 32.769 9.78 2.5 -115.438 32.764 0.193 21.485
37263640 -115.432 32.769 10.03 2.5 -115.438 32.765 0.193 21.424
37263648 -115.433 32.770 10.04 1.7 -115.439 32.766 0.191 21.270
37263664 -115.435 32.773 9.90 1.6 -115.441 32.769 0.188 20.869
37263688 -115.434 32.771 9.81 1.1 -115.440 32.767 0.190 21.116
37263720 -115.434 32.772 9.77 1.8 -115.440 32.768 0.189 21.023
37263752 -115.435 32.773 9.74 1.4 -115.441 32.769 0.188 20.869
37264320 -115.432 32.769 9.90 1.1 -115.438 32.765 0.193 21.424
37264616 -115.443 32.775 9.27 1.3 -115.445 32.774 0.182 20.194
37127356 -115.443 32.774 9.18 1.6 -115.444 32.773 0.182 20.287
37268248 -115.467 32.823 9.34 1.0 -115.474 32.819 0.128 14.269
37268952 -115.429 32.757 10.63 1.4 -115.432 32.755 0.204 22.722
37047935 -115.413 32.731 11.00 1.8 -115.415 32.730 0.235 26.115
37284496 -115.404 32.724 11.02 2.2 -115.409 32.721 0.246 27.315
37284536 -115.403 32.723 11.04 1.6 -115.409 32.719 0.247 27.469
37285272 -115.463 32.810 7.77 1.9 -115.467 32.808 0.141 15.721
37063031 -115.427 32.753 10.87 1.3 -115.430 32.751 0.209 23.216
37065831 -115.438 32.766 7.34 1.5 -115.439 32.765 0.192 21.336
37068087 -115.434 32.769 8.92 1.3 -115.439 32.766 0.192 21.302
37299000 -115.420 32.751 11.02 1.7 -115.427 32.747 0.214 23.829
37300888 -115.464 32.807 9.19 1.1 -115.466 32.806 0.143 15.938
37303880 -115.464 32.818 9.02 1.4 -115.471 32.814 0.134 14.916
37306760 -115.424 32.751 10.24 1.9 -115.428 32.749 0.212 23.585
37308784 -115.438 32.769 8.50 1.7 -115.440 32.768 0.189 21.057
37308912 -115.435 32.763 8.62 1.1 -115.437 32.762 0.196 21.798
37309496 -115.452 32.797 9.23 1.6 -115.457 32.793 0.158 17.601
37309520 -115.452 32.796 9.22 1.9 -115.457 32.793 0.159 17.693
37309696 -115.451 32.796 8.85 1.6 -115.457 32.792 0.160 17.755
37309704 -115.451 32.796 9.02 1.2 -115.457 32.792 0.160 17.755
37309720 -115.452 32.797 8.94 1.4 -115.457 32.793 0.158 17.601
37309728 -115.452 32.797 8.87 1.6 -115.457 32.793 0.158 17.601
37234181 -115.452 32.797 8.93 1.6 -115.457 32.793 0.158 17.601
37309736 -115.453 32.798 8.90 1.7 -115.458 32.795 0.157 17.447
37309744 -115.453 32.798 9.05 1.8 -115.458 32.795 0.157 17.447
37309760 -115.451 32.795 9.07 1.0 -115.456 32.792 0.161 17.847
37309768 -115.451 32.796 9.29 3.2 -115.457 32.792 0.160 17.755
37309776 -115.454 32.799 8.83 2.2 -115.459 32.796 0.156 17.292
37309784 -115.454 32.799 9.07 2.1 -115.459 32.796 0.156 17.292
37309800 -115.450 32.794 9.03 2.4 -115.455 32.790 0.162 18.001
37310040 -115.455 32.801 9.20 1.7 -115.460 32.798 0.153 17.046
37311984 -115.459 32.807 9.04 2.0 -115.464 32.804 0.146 16.244
37312064 -115.459 32.807 8.88 1.5 -115.464 32.804 0.146 16.244
37312072 -115.459 32.806 9.09 2.4 -115.464 32.803 0.147 16.337
37312120 -115.458 32.804 9.26 1.8 -115.462 32.801 0.149 16.584
37312264 -115.456 32.802 9.11 1.5 -115.461 32.799 0.152 16.892
37312272 -115.457 32.803 9.10 2.2 -115.462 32.800 0.151 16.738
37315520 -115.438 32.769 9.45 2.0 -115.440 32.768 0.189 21.057
37317856 -115.424 32.748 11.15 1.5 -115.426 32.746 0.215 23.863
37109591 -115.434 32.765 9.54 1.9 -115.437 32.763 0.195 21.673
37348368 -115.428 32.759 10.07 1.7 -115.433 32.756 0.203 22.597
37354136 -115.437 32.776 9.62 1.5 -115.443 32.772 0.184 20.468
37150551 -115.452 32.790 9.17 1.3 -115.454 32.789 0.164 18.251
37378600 -115.404 32.728 10.76 1.9 -115.411 32.723 0.242 26.944
37379672 -115.465 32.808 9.19 1.4 -115.466 32.807 0.142 15.784
37131836 -115.465 32.808 9.14 1.9 -115.466 32.807 0.142 15.784
37379824 -115.465 32.808 9.06 1.6 -115.466 32.807 0.142 15.784
37379928 -115.466 32.809 9.12 1.5 -115.467 32.808 0.141 15.630
37380400 -115.462 32.804 9.21 2.0 -115.464 32.803 0.147 16.339
37380488 -115.440 32.778 9.59 1.6 -115.445 32.775 0.181 20.099
37380496 -115.440 32.778 9.62 1.7 -115.445 32.775 0.181 20.099
37380560 -115.461 32.803 9.43 1.9 -115.463 32.802 0.148 16.493
37165583 -115.421 32.745 11.06 1.6 -115.424 32.743 0.219 24.325
37387824 -115.453 32.790 9.09 1.2 -115.454 32.789 0.164 18.190
37387840 -115.453 32.790 9.06 1.8 -115.454 32.789 0.164 18.190
37396480 -115.429 32.760 9.90 1.5 -115.433 32.757 0.202 22.443
37396688 -115.434 32.768 8.68 1.5 -115.439 32.765 0.192 21.394
37396704 -115.434 32.768 8.79 1.4 -115.439 32.765 0.192 21.394
37397224 -115.449 32.785 9.62 1.5 -115.451 32.784 0.170 18.898
37207271 -115.442 32.773 9.49 1.8 -115.443 32.772 0.184 20.441
37207279 -115.442 32.773 9.42 2.1 -115.443 32.772 0.184 20.441
37207295 -115.441 32.772 9.44 1.9 -115.443 32.771 0.185 20.595
37209751 -115.387 32.696 12.23 2.2 -115.391 32.693 0.278 30.955
37211847 -115.451 32.791 9.76 1.1 -115.454 32.789 0.164 18.219
37212975 -115.425 32.751 10.94 1.8 -115.428 32.749 0.212 23.524
37234775 -115.435 32.763 9.43 1.8 -115.437 32.762 0.196 21.798
37234823 -115.435 32.762 9.38 2.0 -115.436 32.761 0.197 21.891
37234839 -115.435 32.762 9.31 1.6 -115.436 32.761 0.197 21.891
37237935 -115.453 32.798 8.58 2.1 -115.458 32.795 0.157 17.447
37245775 -115.450 32.786 9.08 1.5 -115.452 32.785 0.169 18.744
37246047 -115.464 32.819 9.28 1.8 -115.471 32.814 0.133 14.824
37246055 -115.463 32.817 9.21 1.3 -115.470 32.812 0.136 15.070
37246079 -115.465 32.821 8.90 1.0 -115.472 32.816 0.131 14.577
37251919 -115.418 32.742 10.21 1.6 -115.422 32.739 0.223 24.788
37252727 -115.427 32.762 10.82 1.6 -115.434 32.758 0.201 22.380
37252831 -115.445 32.775 9.52 1.6 -115.445 32.775 0.181 20.072
37474336 -115.439 32.771 9.16 1.0 -115.441 32.769 0.187 20.810
37264031 -115.455 32.806 9.09 1.5 -115.462 32.801 0.149 16.581
37505520 -115.448 32.784 9.10 2.7 -115.450 32.783 0.171 19.052
37506280 -115.425 32.750 11.08 2.3 -115.428 32.748 0.212 23.617
37295967 -115.480 32.826 7.06 1.5 -115.479 32.827 0.119 13.195
37522424 -115.469 32.815 9.15 1.2 -115.471 32.814 0.134 14.889
37522432 -115.470 32.816 9.39 2.0 -115.472 32.815 0.133 14.735
37323791 -115.425 32.751 10.72 1.4 -115.428 32.749 0.212 23.524
37549576 -115.423 32.755 10.86 1.7 -115.429 32.751 0.209 23.274
37550712 -115.430 32.757 10.81 2.4 -115.432 32.755 0.204 22.661
37551088 -115.398 32.718 11.07 2.1 -115.405 32.714 0.254 28.239
37138892 -115.398 32.716 11.35 2.2 -115.404 32.712 0.256 28.425
37336559 -115.386 32.695 12.27 1.9 -115.391 32.692 0.280 31.109
37338487 -115.417 32.740 11.19 1.3 -115.421 32.738 0.225 25.034
37339247 -115.435 32.766 9.62 1.7 -115.438 32.764 0.194 21.519
37566080 -115.425 32.750 11.02 1.5 -115.428 32.748 0.212 23.617
37567880 -115.459 32.812 8.95 2.5 -115.466 32.807 0.142 15.779
37140492 -115.457 32.809 9.11 2.0 -115.464 32.804 0.146 16.180
37567952 -115.460 32.813 8.72 1.7 -115.467 32.808 0.141 15.625
37568312 -115.461 32.814 8.83 1.6 -115.468 32.809 0.139 15.471
37568448 -115.461 32.815 8.93 1.9 -115.468 32.810 0.138 15.378
37568576 -115.461 32.815 9.17 1.7 -115.468 32.810 0.138 15.378
37568600 -115.462 32.816 8.85 1.7 -115.469 32.811 0.137 15.224
37568624 -115.463 32.817 9.01 1.9 -115.470 32.812 0.136 15.070
37568640 -115.462 32.816 8.69 1.8 -115.469 32.811 0.137 15.224
37568648 -115.462 32.816 9.05 1.8 -115.469 32.811 0.137 15.224
37568656 -115.461 32.815 8.96 2.0 -115.468 32.810 0.138 15.378
37140524 -115.461 32.815 9.03 1.3 -115.468 32.810 0.138 15.378
37568720 -115.459 32.812 8.82 1.7 -115.466 32.807 0.142 15.779
37568736 -115.465 32.821 8.60 2.1 -115.472 32.816 0.131 14.577
37568792 -115.466 32.822 8.54 1.4 -115.473 32.817 0.130 14.423
37569256 -115.469 32.813 7.15 1.9 -115.470 32.812 0.136 15.075
37573056 -115.440 32.771 9.79 1.7 -115.442 32.770 0.187 20.749
37573808 -115.452 32.791 9.09 2.1 -115.455 32.789 0.163 18.158
37573904 -115.452 32.791 9.04 2.3 -115.455 32.789 0.163 18.158
37573920 -115.450 32.790 9.12 1.6 -115.454 32.788 0.165 18.373
37573944 -115.451 32.791 9.08 2.8 -115.454 32.789 0.164 18.219
37574088 -115.451 32.791 8.95 1.4 -115.454 32.789 0.164 18.219
37574920 -115.451 32.791 9.02 1.5 -115.454 32.789 0.164 18.219
37576080 -115.444 32.786 9.41 1.6 -115.450 32.782 0.172 19.111
37576088 -115.444 32.786 9.44 1.7 -115.450 32.782 0.172 19.111
37577864 -115.451 32.793 9.14 1.2 -115.455 32.790 0.162 18.033
37578104 -115.451 32.792 9.08 1.2 -115.455 32.790 0.163 18.126
37579160 -115.450 32.790 9.71 1.5 -115.454 32.788 0.165 18.373
37367215 -115.450 32.789 9.64 1.4 -115.453 32.787 0.166 18.466
37367823 -115.450 32.790 9.81 1.6 -115.454 32.788 0.165 18.373
37367831 -115.449 32.789 9.76 1.4 -115.453 32.787 0.167 18.527
37367895 -115.450 32.790 9.69 2.7 -115.454 32.788 0.165 18.373
37367911 -115.451 32.790 9.61 1.2 -115.454 32.788 0.165 18.312
37367967 -115.451 32.791 9.77 1.5 -115.454 32.789 0.164 18.219
37368031 -115.451 32.791 9.79 1.4 -115.454 32.789 0.164 18.219
37370783 -115.452 32.792 9.60 1.4 -115.455 32.790 0.162 18.065
37389031 -115.471 32.817 9.40 1.9 -115.472 32.816 0.131 14.581
37411855 -115.419 32.731 11.04 1.4 -115.417 32.732 0.232 25.748
37419199 -115.467 32.812 9.11 1.3 -115.469 32.811 0.138 15.290
37640120 -115.449 32.794 9.65 1.2 -115.455 32.790 0.162 18.063
37441927 -115.378 32.687 12.91 1.5 -115.384 32.683 0.291 32.341
37381437 -115.377 32.686 12.96 1.4 -115.384 32.682 0.292 32.495
37445807 -115.447 32.780 9.36 2.4 -115.448 32.779 0.175 19.485
37445815 -115.447 32.781 9.38 1.5 -115.448 32.780 0.174 19.392
37445823 -115.447 32.780 9.46 1.8 -115.448 32.779 0.175 19.485
37144692 -115.446 32.780 9.25 1.2 -115.448 32.779 0.176 19.546
37445863 -115.448 32.782 9.33 1.3 -115.449 32.781 0.173 19.238
37445879 -115.446 32.781 9.17 1.9 -115.448 32.780 0.175 19.453
37666256 -115.415 32.724 11.71 1.8 -115.413 32.726 0.240 26.643
37474463 -115.410 32.732 11.00 1.5 -115.415 32.729 0.236 26.205
37475607 -115.454 32.800 9.09 1.4 -115.459 32.796 0.155 17.200
37475623 -115.454 32.800 9.12 0.9 -115.459 32.796 0.155 17.200
37475631 -115.454 32.800 9.07 1.9 -115.459 32.796 0.155 17.200
37475775 -115.455 32.800 9.15 1.2 -115.460 32.797 0.154 17.138
37476111 -115.454 32.799 9.12 1.7 -115.459 32.796 0.156 17.292
37476207 -115.455 32.801 9.31 1.5 -115.460 32.798 0.153 17.046
37476743 -115.454 32.800 8.94 1.7 -115.459 32.796 0.155 17.200
37696368 -115.448 32.782 9.48 1.4 -115.449 32.781 0.173 19.238
37718272 -115.469 32.827 8.67 1.8 -115.476 32.822 0.124 13.775
37517799 -115.425 32.753 10.17 1.6 -115.429 32.750 0.210 23.338
37747904 -115.427 32.761 10.63 1.3 -115.433 32.757 0.202 22.473
37748800 -115.425 32.757 10.66 1.6 -115.431 32.753 0.207 22.966
37748808 -115.424 32.757 10.59 1.5 -115.431 32.753 0.207 23.028
37748976 -115.425 32.758 10.47 2.4 -115.431 32.754 0.206 22.874
37748984 -115.423 32.755 10.74 2.3 -115.429 32.751 0.209 23.274
37749016 -115.422 32.754 10.77 2.0 -115.429 32.750 0.211 23.428
37749048 -115.421 32.752 10.64 1.8 -115.427 32.748 0.213 23.675
37749912 -115.421 32.751 10.99 2.2 -115.427 32.747 0.214 23.768
37749920 -115.422 32.755 11.20 3.4 -115.429 32.750 0.210 23.336
37386117 -115.421 32.751 11.14 1.7 -115.427 32.747 0.214 23.768
37749944 -115.432 32.769 10.15 1.4 -115.438 32.765 0.193 21.424
37749952 -115.421 32.752 11.09 1.8 -115.427 32.748 0.213 23.675
37749960 -115.420 32.750 11.16 1.7 -115.426 32.746 0.215 23.922
37749976 -115.421 32.751 10.97 2.0 -115.427 32.747 0.214 23.768
37386133 -115.430 32.767 10.30 1.0 -115.437 32.762 0.195 21.732
37749984 -115.421 32.750 10.99 1.3 -115.426 32.746 0.215 23.861
37750000 -115.421 32.750 11.03 1.8 -115.426 32.746 0.215 23.861
37386141 -115.427 32.762 9.96 1.3 -115.434 32.758 0.201 22.380
37750024 -115.426 32.762 9.96 1.9 -115.433 32.757 0.202 22.441
37750040 -115.421 32.751 11.05 2.3 -115.427 32.747 0.214 23.768
37750152 -115.420 32.749 11.11 1.5 -115.426 32.745 0.216 24.015
37750304 -115.433 32.770 9.00 1.3 -115.439 32.766 0.191 21.270
37386149 -115.435 32.772 9.65 1.2 -115.441 32.768 0.189 20.962
37750352 -115.435 32.773 9.70 1.5 -115.441 32.769 0.188 20.869
37750520 -115.443 32.785 9.68 2.1 -115.449 32.781 0.173 19.265
37750624 -115.445 32.787 9.32 1.8 -115.451 32.783 0.170 18.957
37750656 -115.434 32.773 9.98 1.6 -115.441 32.768 0.188 20.930
37750808 -115.432 32.771 9.53 2.9 -115.439 32.766 0.191 21.238
37750816 -115.432 32.769 9.95 1.9 -115.438 32.765 0.193 21.424
37750824 -115.433 32.772 9.53 2.8 -115.440 32.767 0.190 21.084
37750832 -115.433 32.772 9.55 2.5 -115.440 32.767 0.190 21.084
37750840 -115.434 32.773 9.58 2.2 -115.441 32.768 0.188 20.930
37750864 -115.434 32.773 9.61 2.1 -115.441 32.768 0.188 20.930
37750872 -115.435 32.773 9.68 1.9 -115.441 32.769 0.188 20.869
37750896 -115.434 32.774 9.52 2.0 -115.441 32.769 0.187 20.837
37750904 -115.430 32.763 9.10 1.8 -115.435 32.760 0.199 22.103
37386173 -115.432 32.765 8.95 1.3 -115.437 32.762 0.196 21.795
37750912 -115.431 32.765 9.04 1.6 -115.436 32.762 0.197 21.857
37750920 -115.433 32.765 8.66 1.9 -115.437 32.762 0.195 21.734
37750928 -115.430 32.763 9.13 3.1 -115.435 32.760 0.199 22.103
37750936 -115.433 32.766 8.93 2.7 -115.437 32.763 0.195 21.641
37750944 -115.433 32.768 8.83 2.5 -115.438 32.765 0.193 21.456
37750952 -115.434 32.766 8.44 2.1 -115.438 32.764 0.194 21.580
37750960 -115.429 32.761 9.25 2.3 -115.434 32.758 0.201 22.350
37750968 -115.433 32.768 9.08 1.7 -115.438 32.765 0.193 21.456
37750976 -115.430 32.762 9.40 1.6 -115.435 32.759 0.200 22.196
37751424 -115.436 32.775 9.28 2.9 -115.442 32.771 0.185 20.622
37751432 -115.437 32.777 9.56 2.3 -115.444 32.773 0.183 20.375
37751440 -115.439 32.779 9.48 2.2 -115.445 32.775 0.180 20.067
37751448 -115.438 32.779 9.45 2.7 -115.445 32.774 0.181 20.128
37148804 -115.437 32.777 9.19 1.8 -115.444 32.773 0.183 20.375
37751608 -115.435 32.774 9.85 1.4 -115.442 32.770 0.187 20.776
37751920 -115.434 32.773 9.77 1.3 -115.441 32.768 0.188 20.930
37537775 -115.473 32.819 9.48 1.2 -115.474 32.818 0.128 14.273
37541703 -115.419 32.743 10.16 2.2 -115.423 32.741 0.222 24.634
37764560 -115.475 32.833 8.37 1.2 -115.481 32.829 0.116 12.851
37769648 -115.464 32.807 9.19 1.4 -115.466 32.806 0.143 15.938
37771608 -115.460 32.802 9.12 1.8 -115.462 32.801 0.150 16.647
37567823 -115.476 32.834 8.65 1.5 -115.482 32.830 0.114 12.697
37568631 -115.435 32.753 9.34 1.3 -115.432 32.755 0.204 22.727
37577559 -115.409 32.728 9.61 1.4 -115.413 32.726 0.240 26.638
37577679 -115.409 32.728 9.60 1.4 -115.413 32.726 0.240 26.638
37580367 -115.464 32.813 9.21 1.7 -115.468 32.810 0.138 15.381
37585319 -115.468 32.813 9.14 1.4 -115.470 32.812 0.136 15.136
37817624 -115.449 32.784 9.54 1.5 -115.450 32.783 0.171 18.991
37390789 -115.449 32.784 9.56 1.3 -115.450 32.783 0.171 18.991
37817640 -115.449 32.785 9.56 1.5 -115.451 32.784 0.170 18.898
37820560 -115.391 32.701 11.54 1.9 -115.395 32.698 0.272 30.246
37822344 -115.470 32.811 8.34 1.6 -115.469 32.812 0.137 15.200
37822352 -115.470 32.811 8.28 1.8 -115.469 32.812 0.137 15.200
37822360 -115.470 32.812 8.27 1.5 -115.470 32.812 0.136 15.107
37822368 -115.471 32.813 8.26 1.6 -115.470 32.813 0.134 14.953
37826896 -115.449 32.793 9.24 2.3 -115.455 32.789 0.163 18.155
37826960 -115.447 32.790 9.30 1.4 -115.453 32.786 0.167 18.556
37826968 -115.447 32.790 9.18 1.7 -115.453 32.786 0.167 18.556
37827280 -115.446 32.789 9.19 1.7 -115.452 32.785 0.168 18.710
37827392 -115.448 32.790 9.59 1.8 -115.453 32.787 0.166 18.495
37827456 -115.447 32.790 9.58 1.7 -115.453 32.786 0.167 18.556
37827552 -115.446 32.788 9.10 2.2 -115.451 32.784 0.169 18.803
37827560 -115.446 32.790 9.38 2.5 -115.452 32.786 0.167 18.618
37827568 -115.447 32.790 9.15 1.6 -115.453 32.786 0.167 18.556
37827576 -115.448 32.791 9.28 1.9 -115.453 32.787 0.165 18.402
37827584 -115.447 32.789 9.51 2.2 -115.452 32.786 0.168 18.649
37827608 -115.446 32.788 8.95 1.9 -115.451 32.784 0.169 18.803
37827624 -115.448 32.790 9.41 1.7 -115.453 32.787 0.166 18.495
37827664 -115.445 32.786 9.08 2.4 -115.450 32.783 0.171 19.050
37827688 -115.446 32.789 9.28 1.6 -115.452 32.785 0.168 18.710
37152980 -115.445 32.786 8.96 1.3 -115.450 32.783 0.171 19.050
37827752 -115.448 32.793 9.09 1.4 -115.454 32.789 0.164 18.217
37827768 -115.444 32.786 9.38 2.5 -115.450 32.782 0.172 19.111
37152972 -115.447 32.791 8.49 1.6 -115.453 32.787 0.166 18.463
37827776 -115.447 32.791 8.57 1.5 -115.453 32.787 0.166 18.463
37827928 -115.444 32.786 9.01 1.9 -115.450 32.782 0.172 19.111
37830592 -115.433 32.761 10.89 1.5 -115.435 32.760 0.199 22.106
37830696 -115.444 32.776 9.68 1.4 -115.445 32.775 0.180 20.040
37855592 -115.439 32.770 9.63 2.6 -115.441 32.769 0.188 20.903
37859920 -115.439 32.770 9.50 1.3 -115.441 32.769 0.188 20.903
37157284 -115.439 32.770 9.52 1.1 -115.441 32.769 0.188 20.903
37661415 -115.431 32.760 10.47 1.5 -115.434 32.758 0.201 22.321
37924296 -115.423 32.748 10.94 2.2 -115.426 32.746 0.215 23.925
37924304 -115.423 32.748 10.91 1.8 -115.426 32.746 0.215 23.925
37928240 -115.460 32.808 9.40 1.2 -115.465 32.805 0.145 16.090
37928592 -115.459 32.806 9.36 1.1 -115.464 32.803 0.147 16.337
37703999 -115.432 32.761 10.42 1.7 -115.435 32.759 0.199 22.167
37704007 -115.432 32.762 10.38 1.7 -115.435 32.760 0.199 22.074
37704015 -115.433 32.762 10.36 1.7 -115.436 32.760 0.198 22.013
37704023 -115.432 32.762 10.33 1.8 -115.435 32.760 0.199 22.074
37710783 -115.475 32.834 8.62 1.4 -115.481 32.830 0.115 12.758
37726847 -115.467 32.818 9.13 1.6 -115.472 32.815 0.132 14.733
37726871 -115.467 32.818 9.47 1.2 -115.472 32.815 0.132 14.733
37163204 -115.468 32.818 9.22 1.2 -115.472 32.815 0.132 14.672
37726879 -115.467 32.817 9.18 1.5 -115.471 32.814 0.133 14.826
37726895 -115.466 32.817 9.20 3.0 -115.471 32.814 0.134 14.887
37726975 -115.468 32.820 9.21 1.3 -115.473 32.817 0.130 14.486
37726983 -115.466 32.817 9.39 1.4 -115.471 32.814 0.134 14.887
37727007 -115.467 32.818 9.25 3.0 -115.472 32.815 0.132 14.733
37727015 -115.468 32.820 8.90 1.7 -115.473 32.817 0.130 14.486
37163212 -115.467 32.819 9.05 1.0 -115.472 32.816 0.132 14.640
37727031 -115.469 32.821 8.94 1.5 -115.474 32.818 0.129 14.332
37727039 -115.469 32.821 8.90 1.5 -115.474 32.818 0.129 14.332
37727047 -115.469 32.821 8.89 1.9 -115.474 32.818 0.129 14.332
37727055 -115.469 32.822 8.96 1.5 -115.474 32.819 0.128 14.239
37727063 -115.466 32.815 9.46 1.3 -115.470 32.812 0.136 15.073
37396525 -115.465 32.815 9.45 1.3 -115.470 32.812 0.136 15.134
37727071 -115.466 32.817 8.93 1.5 -115.471 32.814 0.134 14.887
37727087 -115.467 32.816 9.48 1.2 -115.471 32.814 0.134 14.919
37727095 -115.466 32.817 9.00 1.3 -115.471 32.814 0.134 14.887
37727103 -115.466 32.817 8.72 1.8 -115.471 32.814 0.134 14.887
37727111 -115.466 32.816 8.90 1.8 -115.470 32.813 0.135 14.980
37727119 -115.465 32.816 8.82 1.7 -115.470 32.813 0.135 15.041
37727127 -115.466 32.816 9.52 1.9 -115.470 32.813 0.135 14.980
37727135 -115.469 32.821 9.19 1.6 -115.474 32.818 0.129 14.332
37727143 -115.469 32.821 8.99 1.8 -115.474 32.818 0.129 14.332
37727159 -115.465 32.815 8.90 1.1 -115.470 32.812 0.136 15.134
37727167 -115.470 32.823 9.15 1.3 -115.475 32.820 0.127 14.085
37727175 -115.464 32.815 8.86 1.3 -115.469 32.812 0.137 15.195
37727215 -115.463 32.813 8.77 1.5 -115.468 32.810 0.139 15.442
37163220 -115.463 32.813 8.82 1.7 -115.468 32.810 0.139 15.442
37727231 -115.470 32.823 9.25 1.3 -115.475 32.820 0.127 14.085
37727239 -115.469 32.821 9.28 2.4 -115.474 32.818 0.129 14.332
37727247 -115.471 32.825 8.94 1.0 -115.476 32.822 0.124 13.838
37727255 -115.470 32.822 9.31 1.3 -115.474 32.819 0.128 14.178
37727279 -115.470 32.823 9.18 2.6 -115.475 32.820 0.127 14.085
37727295 -115.469 32.820 9.26 2.2 -115.473 32.817 0.130 14.425
37727351 -115.470 32.823 9.23 2.2 -115.475 32.820 0.127 14.085
37727367 -115.470 32.821 9.35 1.3 -115.474 32.818 0.128 14.271
37727439 -115.469 32.820 9.36 1.8 -115.473 32.817 0.130 14.425
37727831 -115.470 32.821 9.47 1.5 -115.474 32.818 0.128 14.271
37730447 -115.434 32.773 9.93 1.2 -115.441 32.768 0.188 20.930
37730639 -115.461 32.809 9.13 1.3 -115.466 32.806 0.143 15.936
37730671 -115.461 32.809 9.11 1.9 -115.466 32.806 0.143 15.936
37730703 -115.461 32.809 9.15 2.4 -115.466 32.806 0.143 15.936
37730711 -115.461 32.809 9.02 1.4 -115.466 32.806 0.143 15.936
37730751 -115.462 32.810 9.07 2.9 -115.466 32.807 0.142 15.782
37730759 -115.461 32.810 8.80 1.7 -115.466 32.807 0.142 15.843
37730775 -115.463 32.813 9.12 1.9 -115.468 32.810 0.139 15.442
37396573 -115.464 32.814 8.99 1.9 -115.469 32.811 0.137 15.288
37730783 -115.464 32.815 8.85 3.2 -115.469 32.812 0.137 15.195
37730799 -115.462 32.811 8.69 1.4 -115.467 32.808 0.141 15.689
37163228 -115.463 32.812 8.53 1.4 -115.468 32.809 0.140 15.535
37730807 -115.460 32.807 8.88 1.4 -115.464 32.804 0.146 16.183
37730823 -115.459 32.807 8.83 2.7 -115.464 32.804 0.146 16.244
37163236 -115.459 32.806 9.03 2.4 -115.464 32.803 0.147 16.337
37730847 -115.469 32.821 9.39 2.5 -115.474 32.818 0.129 14.332
37396581 -115.458 32.805 8.97 1.9 -115.463 32.802 0.148 16.491
37730855 -115.470 32.823 9.41 1.5 -115.475 32.820 0.127 14.085
37731287 -115.470 32.822 9.44 2.1 -115.474 32.819 0.128 14.178
37163388 -115.461 32.809 8.82 1.1 -115.466 32.806 0.143 15.936
37731999 -115.461 32.809 8.86 1.4 -115.466 32.806 0.143 15.936
37732207 -115.457 32.803 8.81 1.2 -115.462 32.800 0.151 16.738
37732351 -115.456 32.802 9.11 2.0 -115.461 32.799 0.152 16.892
37732359 -115.456 32.802 9.01 2.4 -115.461 32.799 0.152 16.892
37732367 -115.455 32.801 9.01 2.1 -115.460 32.798 0.153 17.046
37732383 -115.457 32.803 9.24 1.8 -115.462 32.800 0.151 16.738
37732903 -115.457 32.803 9.14 1.2 -115.462 32.800 0.151 16.738
37979056 -115.389 32.698 11.64 1.6 -115.393 32.695 0.276 30.647
37983104 -115.423 32.750 10.23 1.4 -115.427 32.747 0.213 23.739
37983112 -115.423 32.751 10.27 1.8 -115.427 32.748 0.213 23.646
37753535 -115.421 32.745 10.92 1.5 -115.424 32.743 0.219 24.325
37163868 -115.421 32.746 10.88 1.4 -115.425 32.744 0.218 24.233
37753551 -115.422 32.746 10.92 1.8 -115.425 32.744 0.217 24.171
37753559 -115.422 32.747 10.87 1.7 -115.425 32.745 0.217 24.079
37753567 -115.421 32.746 11.04 1.8 -115.425 32.744 0.218 24.233
37754327 -115.425 32.758 10.91 1.3 -115.431 32.754 0.206 22.874
38037336 -115.464 32.818 8.09 1.4 -115.471 32.814 0.134 14.916
37805511 -115.450 32.788 9.15 1.6 -115.453 32.786 0.167 18.559
37805519 -115.450 32.788 9.19 1.3 -115.453 32.786 0.167 18.559
37805527 -115.450 32.788 9.19 1.4 -115.453 32.786 0.167 18.559
37805551 -115.450 32.788 8.99 1.6 -115.453 32.786 0.167 18.559
37805647 -115.450 32.789 9.16 1.2 -115.453 32.787 0.166 18.466
37400437 -115.450 32.789 9.12 0.9 -115.453 32.787 0.166 18.466
37822799 -115.463 32.806 9.06 1.6 -115.465 32.805 0.145 16.092
37824495 -115.426 32.752 10.78 1.2 -115.429 32.750 0.210 23.370
37840615 -115.448 32.784 9.29 2.4 -115.450 32.783 0.171 19.052
37840623 -115.448 32.783 9.44 1.5 -115.450 32.782 0.172 19.145
37840631 -115.448 32.783 9.28 1.8 -115.450 32.782 0.172 19.145
37840639 -115.448 32.783 9.30 2.1 -115.450 32.782 0.172 19.145
37840663 -115.448 32.783 9.30 1.8 -115.450 32.782 0.172 19.145
37841631 -115.435 32.771 10.10 1.9 -115.440 32.768 0.189 21.055
38100000 -115.419 32.748 9.91 1.6 -115.425 32.744 0.217 24.169
38100016 -115.418 32.747 9.87 1.7 -115.424 32.743 0.219 24.323
37179068 -115.418 32.747 9.82 1.4 -115.424 32.743 0.219 24.323
37897727 -115.458 32.802 6.74 1.8 -115.461 32.800 0.151 16.769
37900087 -115.463 32.806 9.19 1.4 -115.465 32.805 0.145 16.092
37904031 -115.447 32.790 9.10 1.4 -115.453 32.786 0.167 18.556
37910231 -115.433 32.764 9.70 1.3 -115.436 32.762 0.196 21.827
37910239 -115.433 32.764 9.68 1.3 -115.436 32.762 0.196 21.827
37910247 -115.433 32.764 9.69 1.5 -115.436 32.762 0.196 21.827
37912239 -115.454 32.789 8.69 1.3 -115.454 32.789 0.164 18.221
38147104 -115.453 32.787 8.73 1.7 -115.453 32.787 0.166 18.468
38147880 -115.454 32.786 8.97 1.5 -115.453 32.787 0.166 18.500
38169112 -115.448 32.784 8.94 1.1 -115.450 32.783 0.171 19.052
38171360 -115.453 32.795 9.17 1.7 -115.457 32.793 0.159 17.725
37266946 -115.432 32.768 10.08 1.4 -115.438 32.764 0.194 21.517
37266954 -115.432 32.768 10.05 1.2 -115.438 32.764 0.194 21.517
37269714 -115.389 32.703 11.15 1.5 -115.395 32.699 0.271 30.183
37269722 -115.389 32.702 11.14 1.6 -115.395 32.698 0.272 30.276
37270146 -115.449 32.785 8.82 1.3 -115.451 32.784 0.170 18.898
37271122 -115.462 32.809 7.89 1.5 -115.466 32.806 0.143 15.875
37276842 -115.467 32.812 9.47 1.2 -115.469 32.811 0.138 15.290
38234736 -115.458 32.780 9.40 2.2 -115.451 32.784 0.169 18.813
38234752 -115.458 32.781 9.45 1.4 -115.452 32.785 0.168 18.720
38234760 -115.458 32.781 9.42 1.5 -115.452 32.785 0.168 18.720
38234768 -115.458 32.780 9.31 1.3 -115.451 32.784 0.169 18.813
38241872 -115.467 32.813 9.05 1.3 -115.469 32.812 0.137 15.197
38251864 -115.442 32.778 8.07 1.3 -115.446 32.776 0.180 19.977
38259440 -115.469 32.814 9.06 1.5 -115.470 32.813 0.135 14.982
38043855 -115.442 32.769 8.84 1.9 -115.441 32.769 0.187 20.813
37365274 -115.458 32.804 9.24 1.0 -115.462 32.801 0.149 16.584
37374610 -115.421 32.750 9.60 1.3 -115.426 32.746 0.215 23.861
37374618 -115.421 32.750 9.59 1.3 -115.426 32.746 0.215 23.861
37374650 -115.458 32.780 9.51 1.8 -115.451 32.784 0.169 18.813
37378506 -115.453 32.799 9.23 1.9 -115.459 32.795 0.156 17.354
37378618 -115.453 32.797 9.06 1.7 -115.458 32.794 0.158 17.539
37378674 -115.453 32.798 8.97 2.5 -115.458 32.795 0.157 17.447
37378690 -115.454 32.800 8.79 1.3 -115.459 32.796 0.155 17.200
37378682 -115.452 32.797 8.93 2.4 -115.457 32.793 0.158 17.601
37378706 -115.451 32.796 9.06 1.7 -115.457 32.792 0.160 17.755
37378714 -115.451 32.796 9.07 1.6 -115.457 32.792 0.160 17.755
37378730 -115.450 32.795 9.28 1.6 -115.456 32.791 0.161 17.909
37378738 -115.451 32.796 9.02 2.6 -115.457 32.792 0.160 17.755
37378746 -115.453 32.799 9.05 2.1 -115.459 32.795 0.156 17.354
37378754 -115.449 32.794 9.15 1.9 -115.455 32.790 0.162 18.063
37378786 -115.447 32.791 9.26 2.2 -115.453 32.787 0.166 18.463
37378794 -115.449 32.794 9.08 2.5 -115.455 32.790 0.162 18.063
38316072 -115.454 32.800 9.23 1.1 -115.459 32.796 0.155 17.200
38317152 -115.452 32.800 8.70 1.6 -115.459 32.796 0.156 17.322
38318688 -115.428 32.759 8.91 1.5 -115.433 32.756 0.203 22.597
37393666 -115.462 32.804 9.17 2.4 -115.464 32.803 0.147 16.339
38386136 -115.427 32.753 10.70 1.7 -115.430 32.751 0.209 23.216
37201524 -115.426 32.753 10.75 1.7 -115.429 32.751 0.209 23.277
38386144 -115.426 32.752 10.73 2.2 -115.429 32.750 0.210 23.370
38387872 -115.423 32.749 10.21 1.7 -115.427 32.747 0.214 23.832
38388000 -115.420 32.745 10.04 1.9 -115.424 32.743 0.219 24.387
38406792 -115.418 32.741 10.17 1.2 -115.421 32.739 0.224 24.880
38409600 -115.432 32.770 10.15 1.4 -115.439 32.765 0.192 21.331
38412288 -115.450 32.789 9.35 1.7 -115.453 32.787 0.166 18.466
38420208 -115.449 32.785 9.26 2.5 -115.451 32.784 0.170 18.898
38200919 -115.427 32.753 11.54 1.4 -115.430 32.751 0.209 23.216
38204151 -115.435 32.766 9.51 1.5 -115.438 32.764 0.194 21.519
37531714 -115.413 32.733 9.78 1.6 -115.416 32.731 0.233 25.929
37531722 -115.413 32.733 9.66 1.6 -115.416 32.731 0.233 25.929
37531730 -115.412 32.732 9.81 2.0 -115.415 32.730 0.235 26.083
37531738 -115.411 32.731 9.90 2.0 -115.415 32.729 0.236 26.237
37531746 -115.412 32.733 9.96 2.3 -115.416 32.730 0.234 25.990
37206324 -115.410 32.729 9.98 1.6 -115.413 32.727 0.238 26.484
37531754 -115.411 32.731 9.95 1.9 -115.415 32.729 0.236 26.237
37206476 -115.411 32.730 10.07 2.0 -115.414 32.728 0.237 26.330
37531762 -115.410 32.730 10.05 2.2 -115.414 32.727 0.237 26.391
37206492 -115.410 32.730 10.12 1.4 -115.414 32.727 0.237 26.391
37531770 -115.411 32.730 9.71 1.8 -115.414 32.728 0.237 26.330
37206500 -115.410 32.729 9.77 1.2 -115.413 32.727 0.238 26.484
37531778 -115.411 32.730 9.81 1.6 -115.414 32.728 0.237 26.330
37531786 -115.411 32.731 10.01 1.4 -115.415 32.729 0.236 26.237
37531794 -115.411 32.730 9.67 1.6 -115.414 32.728 0.237 26.330
37531802 -115.410 32.729 10.01 1.8 -115.413 32.727 0.238 26.484
37531810 -115.411 32.730 10.13 2.2 -115.414 32.728 0.237 26.330
37531818 -115.412 32.731 9.82 2.3 -115.415 32.729 0.235 26.176
37531866 -115.410 32.728 9.83 2.0 -115.413 32.726 0.239 26.577
37531882 -115.408 32.725 10.04 1.5 -115.411 32.723 0.243 26.978
37534498 -115.451 32.787 9.17 1.9 -115.452 32.786 0.167 18.590
38262911 -115.435 32.766 9.58 2.4 -115.438 32.764 0.194 21.519
38262919 -115.434 32.765 9.59 1.1 -115.437 32.763 0.195 21.673
38272343 -115.441 32.771 9.90 1.2 -115.442 32.770 0.186 20.688
38272599 -115.440 32.770 9.89 1.9 -115.441 32.769 0.187 20.842
38281207 -115.465 32.820 9.24 1.3 -115.472 32.815 0.132 14.670
38285767 -115.445 32.789 8.88 1.6 -115.452 32.785 0.169 18.772
37604338 -115.437 32.769 9.49 2.3 -115.440 32.767 0.190 21.118
38551160 -115.436 32.775 9.86 1.9 -115.442 32.771 0.185 20.622
38551184 -115.436 32.774 9.87 1.5 -115.442 32.770 0.186 20.715
37214804 -115.435 32.774 9.85 1.5 -115.442 32.770 0.187 20.776
38593240 -115.432 32.770 9.84 2.5 -115.439 32.765 0.192 21.331
38615192 -115.453 32.794 9.48 1.5 -115.456 32.792 0.160 17.818
38616984 -115.472 32.826 8.84 1.7 -115.477 32.823 0.123 13.684
38626472 -115.470 32.822 8.82 1.3 -115.474 32.819 0.128 14.178
38639472 -115.419 32.751 11.14 2.0 -115.426 32.746 0.215 23.890
38639528 -115.420 32.751 11.13 1.5 -115.427 32.747 0.214 23.829
38639632 -115.420 32.751 11.11 2.2 -115.427 32.747 0.214 23.829
38430823 -115.441 32.782 9.19 1.2 -115.447 32.778 0.177 19.666
37218540 -115.441 32.781 9.26 1.0 -115.447 32.777 0.178 19.759
38431311 -115.441 32.781 9.51 1.7 -115.447 32.777 0.178 19.759
38431343 -115.441 32.781 9.58 1.9 -115.447 32.777 0.178 19.759
38431359 -115.440 32.780 9.54 1.7 -115.446 32.776 0.179 19.913
38431375 -115.442 32.783 9.19 1.7 -115.448 32.779 0.175 19.512
38431607 -115.443 32.784 9.43 1.8 -115.449 32.780 0.174 19.358
38441719 -115.436 32.771 8.69 2.0 -115.441 32.768 0.189 20.994
38458279 -115.428 32.761 8.34 2.3 -115.434 32.757 0.202 22.411
38458367 -115.430 32.763 8.39 2.2 -115.435 32.760 0.199 22.103
38532255 -115.408 32.728 10.45 1.7 -115.412 32.725 0.240 26.699
38947056 -115.478 32.834 9.01 1.3 -115.482 32.831 0.113 12.574
39005152 -115.399 32.721 9.93 2.0 -115.406 32.716 0.251 27.900
39018032 -115.457 32.802 9.46 1.4 -115.461 32.799 0.151 16.830
38813519 -115.455 32.805 8.69 2.2 -115.462 32.800 0.150 16.674
38813983 -115.455 32.804 8.54 1.4 -115.461 32.800 0.151 16.767
38814087 -115.455 32.806 9.03 1.6 -115.462 32.801 0.149 16.581
38814095 -115.455 32.806 8.82 1.7 -115.462 32.801 0.149 16.581
38814103 -115.456 32.807 8.91 1.4 -115.463 32.802 0.148 16.427
37426741 -115.454 32.804 8.94 1.7 -115.461 32.799 0.151 16.828
38814647 -115.460 32.806 9.25 1.2 -115.464 32.803 0.146 16.276
38814663 -115.459 32.804 9.23 2.3 -115.463 32.802 0.149 16.522
38815215 -115.459 32.804 9.08 1.5 -115.463 32.802 0.149 16.522
38815255 -115.458 32.804 9.01 1.4 -115.462 32.801 0.149 16.584
39096032 -115.417 32.740 10.37 1.9 -115.421 32.738 0.225 25.034
37427997 -115.417 32.741 10.36 1.9 -115.421 32.738 0.224 24.942
39096040 -115.417 32.740 10.44 1.8 -115.421 32.738 0.225 25.034
37427989 -115.418 32.741 10.40 1.5 -115.421 32.739 0.224 24.880
39096048 -115.416 32.740 10.37 2.7 -115.420 32.737 0.226 25.096
39112072 -115.443 32.773 9.76 1.5 -115.444 32.773 0.183 20.380
39112096 -115.443 32.773 9.82 1.4 -115.444 32.773 0.183 20.380
39112112 -115.443 32.773 9.79 2.0 -115.444 32.773 0.183 20.380
39112120 -115.442 32.772 9.92 1.7 -115.443 32.771 0.185 20.534
37428437 -115.443 32.774 9.68 1.1 -115.444 32.773 0.182 20.287
37428445 -115.443 32.773 9.87 1.1 -115.444 32.773 0.183 20.380
39130632 -115.443 32.774 9.91 1.2 -115.444 32.773 0.182 20.287
39132800 -115.469 32.819 8.32 1.2 -115.473 32.817 0.131 14.518
38253098 -115.409 32.730 10.86 2.1 -115.414 32.727 0.238 26.452
39204208 -115.388 32.698 12.15 1.8 -115.393 32.695 0.276 30.708
39018727 -115.406 32.726 10.98 1.5 -115.411 32.723 0.243 27.007
39018735 -115.406 32.726 10.96 2.0 -115.411 32.723 0.243 27.007
39018743 -115.405 32.725 11.00 1.6 -115.410 32.722 0.244 27.161
39018839 -115.405 32.726 10.87 2.5 -115.411 32.722 0.243 27.068
39026671 -115.463 32.806 9.18 2.3 -115.465 32.805 0.145 16.092
39028311 -115.469 32.809 8.75 1.5 -115.468 32.810 0.139 15.447
39282648 -115.440 32.771 9.46 1.9 -115.442 32.770 0.187 20.749
39292712 -115.449 32.784 8.94 1.3 -115.450 32.783 0.171 18.991
39292720 -115.449 32.784 8.90 1.3 -115.450 32.783 0.171 18.991
39069479 -115.431 32.760 10.55 1.4 -115.434 32.758 0.201 22.321
39080015 -115.431 32.767 10.16 1.6 -115.437 32.763 0.195 21.671
39088575 -115.448 32.790 9.00 1.9 -115.453 32.787 0.166 18.495
39088631 -115.447 32.789 9.00 1.6 -115.452 32.786 0.168 18.649
39088775 -115.444 32.786 9.28 2.0 -115.450 32.782 0.172 19.111
39088783 -115.445 32.788 9.28 1.8 -115.451 32.784 0.170 18.864
39088807 -115.444 32.785 9.29 2.4 -115.449 32.781 0.173 19.204
39088887 -115.446 32.789 9.28 1.8 -115.452 32.785 0.168 18.710
39088927 -115.445 32.787 9.35 2.6 -115.451 32.783 0.170 18.957
37443685 -115.447 32.790 9.20 2.4 -115.453 32.786 0.167 18.556
39088935 -115.446 32.788 9.54 3.1 -115.451 32.784 0.169 18.803
39088959 -115.442 32.783 9.46 1.9 -115.448 32.779 0.175 19.512
39089095 -115.452 32.788 8.60 2.0 -115.453 32.787 0.166 18.436
39089127 -115.449 32.792 8.93 1.8 -115.454 32.789 0.164 18.248
39089135 -115.449 32.791 8.93 1.6 -115.454 32.788 0.165 18.341
39089143 -115.449 32.791 8.80 1.6 -115.454 32.788 0.165 18.341
39089167 -115.449 32.791 8.96 1.9 -115.454 32.788 0.165 18.341
39089175 -115.450 32.793 8.88 1.5 -115.455 32.790 0.163 18.094
39089183 -115.450 32.792 8.92 1.5 -115.454 32.789 0.164 18.187
38393922 -115.436 32.774 9.53 1.6 -115.442 32.770 0.186 20.715
39106007 -115.437 32.775 9.40 1.4 -115.443 32.771 0.185 20.561
39111895 -115.437 32.776 9.66 1.4 -115.443 32.772 0.184 20.468
39117567 -115.442 32.773 9.48 2.6 -115.443 32.772 0.184 20.441
37439469 -115.442 32.771 9.34 1.9 -115.442 32.771 0.186 20.627
39117575 -115.442 32.774 9.34 1.9 -115.444 32.773 0.183 20.348
39117591 -115.442 32.774 9.15 1.5 -115.444 32.773 0.183 20.348
39117599 -115.442 32.774 9.15 1.7 -115.444 32.773 0.183 20.348
39118831 -115.447 32.787 10.20 1.2 -115.451 32.784 0.169 18.835
39118839 -115.447 32.787 10.20 1.7 -115.451 32.784 0.169 18.835
39119167 -115.447 32.787 10.24 1.4 -115.451 32.784 0.169 18.835
39119871 -115.422 32.750 9.45 1.1 -115.427 32.747 0.214 23.800
39122303 -115.443 32.784 10.37 1.4 -115.449 32.780 0.174 19.358
39122351 -115.466 32.815 6.98 2.6 -115.470 32.812 0.136 15.073
39122359 -115.466 32.815 6.86 2.7 -115.470 32.812 0.136 15.073
39122671 -115.468 32.819 6.93 1.5 -115.472 32.816 0.131 14.579
38477346 -115.424 32.749 10.82 1.6 -115.427 32.747 0.214 23.771
38477354 -115.424 32.749 10.81 2.3 -115.427 32.747 0.214 23.771
38477458 -115.425 32.750 10.86 3.6 -115.428 32.748 0.212 23.617
38482282 -115.436 32.764 8.69 1.2 -115.437 32.763 0.195 21.644
38486530 -115.407 32.728 11.04 1.8 -115.412 32.725 0.241 26.760
39199631 -115.438 32.770 9.26 1.3 -115.441 32.768 0.189 20.964
39218255 -115.418 32.748 9.31 1.4 -115.425 32.744 0.218 24.230
39478424 -115.412 32.714 12.70 1.4 -115.407 32.717 0.250 27.755
39478520 -115.417 32.736 9.59 1.5 -115.419 32.735 0.228 25.406
39478736 -115.457 32.791 8.52 1.5 -115.456 32.792 0.161 17.852
39267239 -115.415 32.740 10.23 1.6 -115.420 32.737 0.226 25.157
39291007 -115.450 32.787 8.65 1.5 -115.452 32.786 0.168 18.652
39332767 -115.416 32.739 10.52 1.5 -115.420 32.736 0.227 25.188
39349015 -115.395 32.711 11.69 1.8 -115.401 32.707 0.261 29.073
39361663 -115.470 32.816 9.37 1.4 -115.472 32.815 0.133 14.735
38680090 -115.466 32.822 9.33 1.4 -115.473 32.817 0.130 14.423
38688250 -115.475 32.822 9.42 1.7 -115.476 32.821 0.125 13.872
38688274 -115.474 32.821 9.39 1.6 -115.475 32.820 0.126 14.026
37455245 -115.474 32.821 9.37 1.1 -115.475 32.820 0.126 14.026
38688290 -115.474 32.820 9.42 1.6 -115.475 32.820 0.127 14.119
38688298 -115.474 32.821 9.37 1.6 -115.475 32.820 0.126 14.026
38689186 -115.476 32.824 9.54 1.5 -115.477 32.823 0.123 13.625
39652952 -115.432 32.769 10.05 1.4 -115.438 32.765 0.193 21.424
39661392 -115.469 32.826 9.40 1.5 -115.476 32.822 0.125 13.868
39452887 -115.462 32.805 9.18 1.1 -115.464 32.804 0.146 16.246
39470959 -115.483 32.823 6.47 1.7 -115.479 32.826 0.120 13.290
39479751 -115.468 32.813 9.04 1.7 -115.470 32.812 0.136 15.136
39479759 -115.467 32.812 9.04 1.7 -115.469 32.811 0.138 15.290
39507071 -115.447 32.783 9.00 2.6 -115.449 32.781 0.173 19.207
39508639 -115.436 32.775 9.80 1.1 -115.442 32.771 0.185 20.622
39510487 -115.447 32.782 9.30 1.7 -115.449 32.781 0.174 19.299
39753680 -115.448 32.783 9.52 1.7 -115.450 32.782 0.172 19.145
39755656 -115.450 32.797 9.53 2.5 -115.457 32.793 0.159 17.723
39756904 -115.451 32.798 9.07 1.5 -115.458 32.794 0.158 17.569
39756928 -115.451 32.798 9.11 1.9 -115.458 32.794 0.158 17.569
39757800 -115.451 32.797 9.16 1.5 -115.457 32.793 0.159 17.662
39757856 -115.451 32.797 9.22 1.7 -115.457 32.793 0.159 17.662
39757896 -115.452 32.800 9.07 1.2 -115.459 32.796 0.156 17.322
37464197 -115.452 32.799 9.09 1.2 -115.458 32.795 0.157 17.415
39758528 -115.450 32.795 9.03 1.5 -115.456 32.791 0.161 17.909
39758672 -115.449 32.792 9.25 1.4 -115.454 32.789 0.164 18.248
39759280 -115.452 32.799 9.25 1.8 -115.458 32.795 0.157 17.415
39759672 -115.452 32.799 9.36 1.6 -115.458 32.795 0.157 17.415
39759720 -115.448 32.791 8.64 1.3 -115.453 32.787 0.165 18.402
39760072 -115.449 32.785 9.45 2.0 -115.451 32.784 0.170 18.898
39760560 -115.449 32.796 9.54 2.3 -115.456 32.791 0.161 17.877
39764224 -115.379 32.690 12.11 1.6 -115.386 32.685 0.288 32.002
37464901 -115.470 32.814 8.35 1.4 -115.471 32.814 0.134 14.921
39532791 -115.470 32.813 8.38 1.9 -115.470 32.813 0.135 15.014
39532799 -115.470 32.811 8.28 1.8 -115.469 32.812 0.137 15.200
39532807 -115.470 32.812 8.34 1.9 -115.470 32.812 0.136 15.107
39532815 -115.470 32.811 8.35 1.4 -115.469 32.812 0.137 15.200
37464917 -115.470 32.811 8.40 1.4 -115.469 32.812 0.137 15.200
37464925 -115.469 32.811 8.35 1.7 -115.469 32.811 0.137 15.261
39532823 -115.471 32.813 8.26 1.8 -115.470 32.813 0.134 14.953
39538743 -115.434 32.773 9.91 1.5 -115.441 32.768 0.188 20.930
39795000 -115.454 32.803 7.72 1.6 -115.461 32.799 0.152 16.921
39799936 -115.462 32.812 8.67 1.7 -115.467 32.809 0.140 15.596
39799944 -115.462 32.812 8.60 1.6 -115.467 32.809 0.140 15.596
39799952 -115.463 32.812 8.92 1.5 -115.468 32.809 0.140 15.535
37466909 -115.461 32.811 8.65 1.0 -115.466 32.807 0.142 15.750
39799968 -115.463 32.811 8.96 2.0 -115.467 32.808 0.141 15.628
39800544 -115.463 32.812 8.85 3.0 -115.468 32.809 0.140 15.535
39800560 -115.461 32.809 8.84 1.7 -115.466 32.806 0.143 15.936
39800568 -115.460 32.808 8.85 1.4 -115.465 32.805 0.145 16.090
39802096 -115.460 32.808 8.89 1.9 -115.465 32.805 0.145 16.090
39802104 -115.460 32.808 9.11 1.3 -115.465 32.805 0.145 16.090
39577263 -115.445 32.778 9.36 1.3 -115.447 32.777 0.178 19.793
39595135 -115.429 32.764 10.59 1.4 -115.435 32.760 0.198 22.072
39842584 -115.436 32.776 9.57 1.5 -115.443 32.771 0.185 20.529
37472045 -115.437 32.776 9.70 1.3 -115.443 32.772 0.184 20.468
39842696 -115.436 32.776 9.84 1.4 -115.443 32.771 0.185 20.529
39842784 -115.439 32.779 9.44 2.4 -115.445 32.775 0.180 20.067
39842792 -115.436 32.776 9.64 2.9 -115.443 32.771 0.185 20.529
39842832 -115.435 32.774 9.77 1.4 -115.442 32.770 0.187 20.776
39842840 -115.437 32.778 9.18 2.2 -115.444 32.773 0.182 20.282
39842872 -115.434 32.774 9.77 3.2 -115.441 32.769 0.187 20.837
39842880 -115.435 32.774 9.50 2.3 -115.442 32.770 0.187 20.776
39842888 -115.435 32.774 9.71 2.2 -115.442 32.770 0.187 20.776
39842896 -115.437 32.777 9.92 3.7 -115.444 32.773 0.183 20.375
39842904 -115.434 32.773 9.51 2.6 -115.441 32.768 0.188 20.930
37471597 -115.433 32.772 9.52 1.8 -115.440 32.767 0.190 21.084
39842912 -115.433 32.772 9.52 1.8 -115.440 32.767 0.190 21.084
39842928 -115.443 32.785 9.40 2.1 -115.449 32.781 0.173 19.265
39843088 -115.455 32.798 9.07 1.5 -115.459 32.796 0.156 17.324
39843128 -115.439 32.778 9.94 1.6 -115.445 32.774 0.181 20.160
39843208 -115.434 32.769 8.94 1.7 -115.439 32.766 0.192 21.302
39843216 -115.433 32.768 8.82 2.2 -115.438 32.765 0.193 21.456
37471605 -115.434 32.769 8.70 2.3 -115.439 32.766 0.192 21.302
39843224 -115.434 32.768 8.91 1.9 -115.439 32.765 0.192 21.394
39843232 -115.445 32.784 10.36 1.9 -115.449 32.781 0.173 19.236
39844176 -115.431 32.768 10.10 1.8 -115.438 32.764 0.194 21.578
37471741 -115.432 32.768 10.26 1.6 -115.438 32.764 0.194 21.517
39844232 -115.431 32.769 9.81 2.8 -115.438 32.764 0.193 21.485
39844264 -115.431 32.769 9.86 2.9 -115.438 32.764 0.193 21.485
39844272 -115.433 32.772 9.47 2.8 -115.440 32.767 0.190 21.084
39844296 -115.450 32.791 9.12 1.8 -115.454 32.788 0.164 18.280
39844312 -115.450 32.791 9.09 1.5 -115.454 32.788 0.164 18.280
39845832 -115.436 32.768 8.31 3.4 -115.439 32.766 0.191 21.272
39899672 -115.449 32.789 9.84 1.5 -115.453 32.787 0.167 18.527
39902752 -115.475 32.834 8.27 1.5 -115.481 32.830 0.115 12.758
39902760 -115.476 32.834 8.23 1.3 -115.482 32.830 0.114 12.697
39902768 -115.475 32.833 8.25 1.2 -115.481 32.829 0.116 12.851
39975064 -115.466 32.821 8.66 1.9 -115.473 32.817 0.131 14.516
39975640 -115.466 32.822 8.57 1.8 -115.473 32.817 0.130 14.423
39742143 -115.467 32.824 9.14 1.6 -115.474 32.819 0.127 14.176
39748159 -115.437 32.768 9.54 1.7 -115.439 32.766 0.191 21.211
39749039 -115.457 32.802 9.23 1.7 -115.461 32.799 0.151 16.830
39749135 -115.456 32.801 9.18 2.9 -115.460 32.798 0.153 16.984
39749143 -115.456 32.800 8.75 2.4 -115.460 32.797 0.154 17.077
39749151 -115.455 32.800 9.02 3.0 -115.460 32.797 0.154 17.138
37478453 -115.455 32.799 8.61 1.1 -115.459 32.796 0.155 17.231
39749159 -115.459 32.804 9.03 1.3 -115.463 32.802 0.149 16.522
37478437 -115.459 32.804 8.97 1.3 -115.463 32.802 0.149 16.522
39749191 -115.459 32.805 8.90 1.9 -115.463 32.802 0.148 16.430
39749199 -115.458 32.803 8.58 2.9 -115.462 32.800 0.150 16.676
39749223 -115.460 32.806 8.96 2.1 -115.464 32.803 0.146 16.276
39749247 -115.460 32.806 9.16 1.6 -115.464 32.803 0.146 16.276
39749255 -115.457 32.802 8.62 1.3 -115.461 32.799 0.151 16.830
39749431 -115.453 32.795 9.03 1.2 -115.457 32.793 0.159 17.725
39749479 -115.453 32.795 9.05 1.1 -115.457 32.793 0.159 17.725
37478421 -115.453 32.795 9.01 1.2 -115.457 32.793 0.159 17.725
39749487 -115.453 32.795 9.07 1.4 -115.457 32.793 0.159 17.725
39749583 -115.452 32.794 9.06 1.3 -115.456 32.791 0.161 17.879
39749599 -115.453 32.794 9.01 1.4 -115.456 32.792 0.160 17.818
39750031 -115.452 32.794 9.07 2.3 -115.456 32.791 0.161 17.879
39750063 -115.451 32.793 9.16 2.0 -115.455 32.790 0.162 18.033
39750095 -115.452 32.794 9.02 1.6 -115.456 32.791 0.161 17.879
39755735 -115.446 32.786 9.92 1.1 -115.450 32.783 0.171 18.989
40030960 -115.425 32.755 9.74 1.3 -115.430 32.752 0.208 23.152
40030976 -115.425 32.755 9.78 2.0 -115.430 32.752 0.208 23.152
40033856 -115.436 32.767 10.19 1.4 -115.439 32.765 0.192 21.365
39817415 -115.424 32.752 10.19 1.7 -115.428 32.749 0.211 23.492
39817431 -115.424 32.752 10.21 2.2 -115.428 32.749 0.211 23.492
39817447 -115.424 32.751 10.33 2.2 -115.428 32.749 0.212 23.585
39817455 -115.425 32.753 10.23 1.7 -115.429 32.750 0.210 23.338
40064592 -115.466 32.811 9.06 2.0 -115.468 32.810 0.139 15.444
40064624 -115.466 32.810 9.09 1.0 -115.468 32.809 0.140 15.537
39840175 -115.469 32.826 4.97 1.3 -115.476 32.822 0.125 13.868
39850727 -115.435 32.766 9.62 1.9 -115.438 32.764 0.194 21.519
39864327 -115.409 32.731 10.99 1.5 -115.414 32.728 0.237 26.359
39864335 -115.409 32.731 10.99 1.6 -115.414 32.728 0.237 26.359
39865343 -115.419 32.744 10.01 1.1 -115.423 32.741 0.221 24.541
39871263 -115.419 32.743 10.18 1.4 -115.423 32.741 0.222 24.634
39871271 -115.419 32.743 10.16 2.3 -115.423 32.741 0.222 24.634
39871279 -115.418 32.743 10.16 2.1 -115.422 32.740 0.222 24.695
39900383 -115.470 32.821 8.11 1.9 -115.474 32.818 0.128 14.271
39901703 -115.419 32.748 9.88 1.6 -115.425 32.744 0.217 24.169
39902911 -115.430 32.758 10.55 1.8 -115.433 32.756 0.203 22.568
39912487 -115.437 32.769 9.26 2.9 -115.440 32.767 0.190 21.118
39914567 -115.384 32.692 11.92 1.9 -115.389 32.689 0.283 31.510
39917887 -115.440 32.770 9.92 1.7 -115.441 32.769 0.187 20.842
40196224 -115.399 32.718 11.37 1.9 -115.405 32.714 0.253 28.178
