ID lon[deg] lat[deg] depth[km] mag[ML] lon_proj[deg] lat_proj[deg] dist_proj[deg] dist_km_proj[deg]
14567964 -115.406 32.745 11.31 1.2 -115.408 32.744 0.232 25.825
14568588 -115.419 32.750 11.12 1.6 -115.414 32.753 0.221 24.566
14568620 -115.418 32.749 11.23 2.5 -115.414 32.752 0.222 24.720
14568628 -115.418 32.749 11.02 2.1 -115.414 32.752 0.222 24.720
14568652 -115.418 32.748 11.04 1.9 -115.413 32.751 0.223 24.813
14568788 -115.419 32.751 11.05 1.7 -115.415 32.754 0.220 24.473
14568796 -115.420 32.751 11.07 1.3 -115.415 32.754 0.220 24.412
14569884 -115.407 32.746 11.26 1.9 -115.409 32.745 0.231 25.671
10526349 -115.406 32.744 11.53 1.2 -115.408 32.743 0.233 25.918
25221759 -115.406 32.745 11.31 1.6 -115.408 32.744 0.232 25.825
10529021 -115.406 32.745 11.54 1.8 -115.408 32.744 0.232 25.825
10529965 -115.406 32.746 11.14 1.6 -115.409 32.744 0.231 25.732
10529989 -115.408 32.747 10.88 1.2 -115.410 32.746 0.229 25.517
10530325 -115.407 32.746 11.42 1.6 -115.409 32.745 0.231 25.671
10530501 -115.407 32.747 10.90 1.6 -115.409 32.745 0.230 25.578
10530637 -115.408 32.747 11.07 1.7 -115.410 32.746 0.229 25.517
10530957 -115.408 32.748 11.12 1.8 -115.410 32.747 0.229 25.424
10535613 -115.409 32.749 11.29 3.3 -115.411 32.748 0.227 25.270
10535621 -115.409 32.749 11.26 1.3 -115.411 32.748 0.227 25.270
10536037 -115.405 32.743 11.25 2.6 -115.407 32.742 0.234 26.072
10536109 -115.408 32.749 11.45 2.1 -115.411 32.747 0.228 25.331
10536253 -115.411 32.751 11.13 2.1 -115.412 32.750 0.224 24.962
10536389 -115.406 32.746 11.16 1.8 -115.409 32.744 0.231 25.732
10536405 -115.411 32.752 10.98 2.2 -115.413 32.751 0.224 24.869
10536429 -115.411 32.752 10.94 1.7 -115.413 32.751 0.224 24.869
10536549 -115.410 32.752 10.92 1.4 -115.413 32.750 0.224 24.931
10536581 -115.410 32.751 10.96 1.9 -115.412 32.750 0.225 25.023
10536629 -115.407 32.747 10.60 3.1 -115.409 32.745 0.230 25.578
10536637 -115.407 32.747 11.16 2.4 -115.409 32.745 0.230 25.578
10536645 -115.411 32.752 10.96 2.8 -115.413 32.751 0.224 24.869
14584764 -115.409 32.749 11.14 1.9 -115.411 32.748 0.227 25.270
14584772 -115.408 32.748 11.21 1.8 -115.410 32.747 0.229 25.424
14587500 -115.404 32.745 10.63 1.9 -115.408 32.743 0.233 25.948
10544317 -115.445 32.784 9.98 1.8 -115.438 32.789 0.178 19.819
10144162 -115.446 32.785 9.91 1.7 -115.439 32.790 0.177 19.665
10545293 -115.408 32.748 10.72 1.5 -115.410 32.747 0.229 25.424
10545301 -115.407 32.747 10.82 1.4 -115.409 32.745 0.230 25.578
10545853 -115.418 32.748 9.50 1.9 -115.413 32.751 0.223 24.813
10546117 -115.446 32.785 10.44 1.2 -115.439 32.790 0.177 19.665
14595860 -115.426 32.758 10.86 1.4 -115.420 32.762 0.210 23.395
14597732 -115.466 32.823 9.21 1.5 -115.462 32.826 0.134 14.912
14606740 -115.441 32.779 9.31 1.4 -115.434 32.783 0.185 20.528
14606756 -115.440 32.778 9.63 1.4 -115.434 32.782 0.186 20.682
14606812 -115.439 32.777 9.56 1.5 -115.433 32.781 0.187 20.836
14615660 -115.447 32.801 8.87 2.5 -115.446 32.801 0.163 18.117
10183330 -115.447 32.802 8.84 1.8 -115.447 32.802 0.162 18.025
10182690 -115.446 32.800 8.68 2.2 -115.445 32.800 0.164 18.271
10183430 -115.446 32.801 8.91 2.5 -115.446 32.801 0.163 18.179
37005063 -115.449 32.798 9.04 0.5 -115.445 32.800 0.164 18.274
10602213 -115.467 32.825 9.32 1.9 -115.463 32.827 0.132 14.666
37230413 -115.468 32.826 9.31 2.0 -115.464 32.829 0.131 14.512
10759445 -115.425 32.759 11.04 1.2 -115.420 32.762 0.210 23.363
10783421 -115.426 32.760 11.04 1.5 -115.421 32.763 0.209 23.209
10785429 -115.466 32.816 9.27 1.9 -115.459 32.821 0.140 15.563
10785453 -115.466 32.817 9.19 1.3 -115.459 32.821 0.139 15.470
10785581 -115.469 32.821 9.00 2.0 -115.462 32.826 0.134 14.915
10788421 -115.467 32.818 9.28 2.0 -115.460 32.823 0.138 15.316
10791493 -115.452 32.802 8.95 1.2 -115.448 32.804 0.159 17.719
10791525 -115.452 32.803 8.96 1.9 -115.449 32.805 0.159 17.626
10792741 -115.408 32.750 10.96 0.8 -115.411 32.748 0.227 25.239
10792901 -115.407 32.749 10.90 1.4 -115.410 32.747 0.228 25.393
10792957 -115.407 32.749 10.89 1.1 -115.410 32.747 0.228 25.393
14856596 -115.459 32.806 9.35 1.5 -115.452 32.810 0.152 16.919
14860852 -115.454 32.799 9.15 1.9 -115.447 32.803 0.161 17.875
14860860 -115.454 32.799 9.04 1.7 -115.447 32.803 0.161 17.875
14860868 -115.453 32.798 9.10 1.2 -115.447 32.802 0.162 18.029
14860876 -115.452 32.798 9.21 1.4 -115.446 32.802 0.163 18.090
14860924 -115.454 32.799 6.27 1.8 -115.447 32.803 0.161 17.875
14860932 -115.453 32.798 9.23 1.9 -115.447 32.802 0.162 18.029
14860948 -115.452 32.797 9.15 1.8 -115.446 32.801 0.164 18.183
14860956 -115.453 32.799 9.07 2.7 -115.447 32.803 0.161 17.936
14860972 -115.454 32.799 9.07 2.5 -115.447 32.803 0.161 17.875
14860980 -115.455 32.800 8.95 1.4 -115.448 32.804 0.159 17.721
14860988 -115.452 32.797 8.97 1.6 -115.446 32.801 0.164 18.183
14861004 -115.455 32.801 8.94 1.2 -115.449 32.805 0.159 17.628
14861012 -115.455 32.801 9.09 1.6 -115.449 32.805 0.159 17.628
14861036 -115.452 32.796 8.96 1.7 -115.445 32.800 0.164 18.276
14861060 -115.452 32.796 8.93 1.9 -115.445 32.800 0.164 18.276
14861100 -115.449 32.792 9.20 1.6 -115.443 32.796 0.169 18.831
14861108 -115.450 32.794 9.17 1.8 -115.444 32.798 0.167 18.584
14861172 -115.447 32.790 9.11 1.7 -115.441 32.794 0.172 19.139
14861420 -115.446 32.788 9.03 1.8 -115.440 32.792 0.174 19.386
14861428 -115.446 32.789 8.97 2.0 -115.440 32.793 0.174 19.293
14861612 -115.447 32.791 9.41 1.4 -115.442 32.795 0.171 19.046
14861620 -115.445 32.786 9.01 1.7 -115.439 32.790 0.177 19.633
14861628 -115.445 32.787 9.13 1.9 -115.439 32.791 0.176 19.540
14861668 -115.446 32.790 9.53 1.3 -115.441 32.793 0.173 19.200
14861732 -115.444 32.784 9.21 1.1 -115.438 32.788 0.179 19.880
14861836 -115.443 32.785 9.60 1.2 -115.438 32.788 0.178 19.848
14861852 -115.443 32.785 9.47 1.5 -115.438 32.788 0.178 19.848
10825333 -115.435 32.785 10.67 1.6 -115.435 32.785 0.183 20.337
14871676 -115.436 32.780 9.49 1.5 -115.433 32.782 0.187 20.740
14871796 -115.436 32.779 9.35 1.9 -115.433 32.781 0.187 20.833
14871804 -115.436 32.781 9.56 2.0 -115.434 32.782 0.186 20.647
14871916 -115.434 32.777 9.66 1.8 -115.431 32.779 0.190 21.141
14871924 -115.433 32.776 9.67 1.5 -115.431 32.778 0.192 21.295
14872260 -115.431 32.774 10.22 1.4 -115.429 32.775 0.194 21.603
14872284 -115.430 32.774 10.27 1.4 -115.429 32.775 0.195 21.664
10876253 -115.436 32.773 9.48 1.3 -115.430 32.777 0.192 21.391
10876269 -115.438 32.776 9.23 2.1 -115.432 32.780 0.189 20.990
10876277 -115.438 32.776 9.39 1.3 -115.432 32.780 0.189 20.990
14932228 -115.406 32.729 10.83 1.3 -115.401 32.732 0.246 27.311
14962428 -115.439 32.777 9.75 1.7 -115.433 32.781 0.187 20.836
14962652 -115.439 32.776 9.67 1.6 -115.432 32.780 0.188 20.928
14988132 -115.423 32.750 10.32 1.9 -115.416 32.755 0.219 24.322
10961717 -115.440 32.778 9.34 2.5 -115.434 32.782 0.186 20.682
10961725 -115.439 32.777 9.46 1.7 -115.433 32.781 0.187 20.836
10961813 -115.440 32.777 9.17 1.4 -115.433 32.782 0.187 20.774
15017612 -115.462 32.811 8.80 2.2 -115.455 32.815 0.146 16.272
15017620 -115.461 32.808 8.78 1.9 -115.454 32.813 0.149 16.611
15017636 -115.464 32.813 9.34 3.0 -115.457 32.818 0.144 15.963
15017652 -115.464 32.814 8.97 1.6 -115.457 32.818 0.143 15.871
15017660 -115.460 32.808 9.03 1.8 -115.453 32.812 0.150 16.672
15017668 -115.464 32.815 8.94 1.9 -115.458 32.819 0.142 15.778
15017676 -115.459 32.806 8.99 1.8 -115.452 32.810 0.152 16.919
15017684 -115.465 32.816 8.79 2.3 -115.459 32.820 0.141 15.624
15017732 -115.458 32.805 8.94 1.5 -115.451 32.809 0.154 17.073
15017748 -115.465 32.816 9.30 1.5 -115.459 32.820 0.141 15.624
15017740 -115.466 32.816 9.07 2.0 -115.459 32.821 0.140 15.563
15017756 -115.458 32.804 8.82 2.4 -115.451 32.809 0.154 17.166
15017764 -115.459 32.807 9.08 2.8 -115.453 32.811 0.151 16.826
15017772 -115.458 32.804 8.91 1.9 -115.451 32.809 0.154 17.166
15017796 -115.459 32.807 8.87 1.7 -115.453 32.811 0.151 16.826
15017804 -115.458 32.805 8.83 1.8 -115.451 32.809 0.154 17.073
15017812 -115.456 32.803 9.21 1.3 -115.450 32.807 0.156 17.381
15017820 -115.456 32.802 8.87 1.4 -115.449 32.806 0.157 17.474
15017892 -115.456 32.801 8.84 2.7 -115.449 32.806 0.158 17.567
15017900 -115.455 32.800 8.94 1.6 -115.448 32.804 0.159 17.721
15017908 -115.454 32.800 9.02 2.0 -115.448 32.804 0.160 17.782
15017916 -115.454 32.799 9.00 1.6 -115.447 32.803 0.161 17.875
15017956 -115.457 32.803 9.26 1.5 -115.450 32.807 0.156 17.320
15018028 -115.456 32.802 9.21 1.6 -115.449 32.806 0.157 17.474
15018404 -115.458 32.804 9.09 2.3 -115.451 32.809 0.154 17.166
15018420 -115.457 32.802 8.96 1.4 -115.450 32.807 0.157 17.413
15018412 -115.458 32.805 8.94 3.0 -115.451 32.809 0.154 17.073
15018428 -115.456 32.802 9.24 1.7 -115.449 32.806 0.157 17.474
15019044 -115.445 32.787 9.98 1.3 -115.439 32.791 0.176 19.540
15021532 -115.432 32.769 10.12 1.4 -115.427 32.772 0.198 22.007
15021772 -115.432 32.770 10.34 1.1 -115.427 32.773 0.197 21.914
10981301 -115.463 32.817 9.59 1.2 -115.458 32.820 0.141 15.653
10985701 -115.443 32.784 10.47 1.2 -115.437 32.788 0.179 19.941
10990253 -115.432 32.769 9.95 1.6 -115.427 32.772 0.198 22.007
10990261 -115.432 32.769 10.02 1.8 -115.427 32.772 0.198 22.007
10990285 -115.430 32.766 10.21 1.4 -115.425 32.769 0.202 22.407
10990365 -115.430 32.765 10.36 3.0 -115.425 32.769 0.202 22.500
37005119 -115.434 32.773 9.57 1.1 -115.429 32.776 0.193 21.513
10990501 -115.435 32.775 9.45 2.8 -115.431 32.778 0.191 21.266
10990509 -115.434 32.774 9.42 1.5 -115.430 32.777 0.193 21.420
10990517 -115.434 32.772 9.71 1.4 -115.429 32.775 0.194 21.606
10990541 -115.432 32.769 9.60 2.4 -115.427 32.772 0.198 22.007
10990549 -115.428 32.762 10.41 2.1 -115.423 32.766 0.206 22.901
10990589 -115.433 32.770 9.76 1.8 -115.428 32.773 0.197 21.853
10990645 -115.436 32.776 9.20 2.5 -115.431 32.779 0.190 21.112
10990653 -115.436 32.775 9.98 2.4 -115.431 32.778 0.191 21.205
37005127 -115.434 32.773 9.92 2.1 -115.429 32.776 0.193 21.513
10990973 -115.433 32.771 9.62 1.5 -115.428 32.774 0.196 21.760
10991725 -115.437 32.777 9.28 2.1 -115.432 32.780 0.188 20.958
10991741 -115.437 32.777 9.57 2.4 -115.432 32.780 0.188 20.958
10991749 -115.438 32.778 9.55 1.8 -115.433 32.781 0.187 20.804
10991757 -115.436 32.775 9.53 1.6 -115.431 32.778 0.191 21.205
10991765 -115.438 32.778 9.10 2.1 -115.433 32.781 0.187 20.804
10991781 -115.439 32.779 9.50 2.5 -115.434 32.782 0.186 20.650
11035149 -115.431 32.777 10.95 1.8 -115.430 32.777 0.192 21.325
11036141 -115.444 32.786 9.54 1.4 -115.438 32.790 0.177 19.694
11036149 -115.444 32.785 9.43 2.4 -115.438 32.789 0.178 19.787
11036157 -115.444 32.785 9.43 1.6 -115.438 32.789 0.178 19.787
11036165 -115.445 32.787 9.46 2.4 -115.439 32.791 0.176 19.540
11036173 -115.446 32.788 9.51 1.3 -115.440 32.792 0.174 19.386
11036189 -115.443 32.784 9.59 1.5 -115.437 32.788 0.179 19.941
11036181 -115.443 32.784 9.15 1.4 -115.437 32.788 0.179 19.941
11036221 -115.447 32.790 9.10 1.6 -115.441 32.794 0.172 19.139
11036261 -115.447 32.790 10.16 1.6 -115.441 32.794 0.172 19.139
11036269 -115.448 32.792 9.00 1.8 -115.442 32.796 0.170 18.892
11036285 -115.450 32.792 9.58 2.4 -115.443 32.797 0.169 18.770
11036293 -115.448 32.791 8.94 1.9 -115.442 32.795 0.171 18.985
11036301 -115.446 32.789 8.90 1.9 -115.440 32.793 0.174 19.293
11036309 -115.448 32.792 8.39 2.1 -115.442 32.796 0.170 18.892
11036357 -115.450 32.795 9.08 1.5 -115.444 32.799 0.166 18.491
15079444 -115.451 32.795 8.90 2.0 -115.445 32.799 0.166 18.430
15079460 -115.451 32.795 9.02 1.6 -115.445 32.799 0.166 18.430
15079484 -115.451 32.795 9.07 1.6 -115.445 32.799 0.166 18.430
15079564 -115.452 32.797 8.90 1.6 -115.446 32.801 0.164 18.183
15080060 -115.424 32.756 10.88 1.2 -115.419 32.760 0.213 23.703
11045221 -115.408 32.728 11.10 1.5 -115.401 32.733 0.245 27.282
15103316 -115.448 32.793 8.45 1.3 -115.443 32.796 0.169 18.799
11101890 -115.453 32.798 9.21 1.5 -115.447 32.802 0.162 18.029
15147449 -115.442 32.794 9.90 1.7 -115.442 32.794 0.172 19.073
15148801 -115.436 32.771 8.71 1.9 -115.429 32.776 0.194 21.576
37072476 -115.433 32.766 8.78 1.7 -115.426 32.771 0.200 22.224
15148841 -115.432 32.766 9.15 1.7 -115.426 32.770 0.200 22.285
15148849 -115.433 32.766 9.04 2.4 -115.426 32.771 0.200 22.224
37072636 -115.434 32.768 8.80 2.2 -115.427 32.772 0.198 21.977
15148889 -115.432 32.765 9.30 2.0 -115.425 32.769 0.201 22.378
15148897 -115.430 32.763 9.15 2.4 -115.424 32.767 0.204 22.686
15148913 -115.429 32.761 9.20 1.9 -115.422 32.765 0.206 22.933
15148961 -115.428 32.759 9.02 1.6 -115.421 32.763 0.208 23.180
15153305 -115.428 32.770 10.59 1.3 -115.426 32.771 0.199 22.158
15181217 -115.469 32.822 8.63 1.6 -115.463 32.826 0.133 14.822
15193065 -115.428 32.758 10.21 1.8 -115.421 32.763 0.209 23.273
37090596 -115.429 32.771 10.35 0.9 -115.427 32.772 0.198 22.004
15222697 -115.428 32.759 9.82 1.5 -115.421 32.763 0.208 23.180
15239569 -115.450 32.794 9.65 1.7 -115.444 32.798 0.167 18.584
15241745 -115.424 32.752 10.18 1.8 -115.417 32.757 0.217 24.075
11207530 -115.467 32.818 9.68 1.7 -115.460 32.823 0.138 15.316
11207538 -115.467 32.817 9.37 2.1 -115.460 32.822 0.139 15.409
37104043 -115.468 32.819 9.54 2.1 -115.461 32.824 0.136 15.162
37104051 -115.466 32.816 9.23 2.0 -115.459 32.821 0.140 15.563
11207546 -115.467 32.818 9.41 2.8 -115.460 32.823 0.138 15.316
11207554 -115.468 32.819 9.47 2.0 -115.461 32.824 0.136 15.162
15253849 -115.410 32.732 10.94 1.8 -115.403 32.736 0.241 26.788
11246698 -115.421 32.753 10.98 1.8 -115.416 32.756 0.217 24.165
11249498 -115.459 32.813 9.54 1.7 -115.455 32.815 0.146 16.269
11249514 -115.459 32.814 9.53 2.3 -115.456 32.816 0.145 16.176
37110236 -115.447 32.787 9.84 1.1 -115.440 32.792 0.175 19.418
15337769 -115.428 32.762 10.92 1.6 -115.423 32.766 0.206 22.901
11333898 -115.438 32.778 9.95 1.4 -115.433 32.781 0.187 20.804
11367610 -115.420 32.756 10.51 1.7 -115.417 32.758 0.215 23.948
11389146 -115.467 32.824 8.65 1.6 -115.463 32.827 0.133 14.758
11389154 -115.467 32.824 8.52 2.0 -115.463 32.827 0.133 14.758
11389162 -115.470 32.834 8.53 1.3 -115.468 32.835 0.123 13.646
11412498 -115.455 32.806 8.70 1.7 -115.451 32.809 0.154 17.164
15468017 -115.425 32.757 10.69 1.7 -115.419 32.761 0.212 23.549
15472505 -115.446 32.789 9.14 1.8 -115.440 32.793 0.174 19.293
15472521 -115.447 32.790 9.09 1.9 -115.441 32.794 0.172 19.139
15472529 -115.446 32.789 9.34 1.6 -115.440 32.793 0.174 19.293
15472537 -115.446 32.789 9.24 2.0 -115.440 32.793 0.174 19.293
15472545 -115.446 32.788 9.31 1.8 -115.440 32.792 0.174 19.386
15472553 -115.446 32.789 9.36 2.5 -115.440 32.793 0.174 19.293
15472921 -115.443 32.784 9.18 1.6 -115.437 32.788 0.179 19.941
37177021 -115.444 32.785 9.09 1.4 -115.438 32.789 0.178 19.787
37215568 -115.450 32.801 9.25 1.5 -115.447 32.803 0.161 17.934
15500385 -115.446 32.785 10.32 2.1 -115.439 32.790 0.177 19.665
15511465 -115.462 32.811 8.70 2.5 -115.455 32.815 0.146 16.272
15511481 -115.465 32.816 9.06 2.0 -115.459 32.820 0.141 15.624
15511497 -115.465 32.816 9.17 1.7 -115.459 32.820 0.141 15.624
15511489 -115.464 32.815 9.09 2.6 -115.458 32.819 0.142 15.778
15511585 -115.462 32.810 9.03 2.4 -115.455 32.815 0.147 16.364
37236528 -115.452 32.801 8.64 1.2 -115.448 32.804 0.160 17.812
37236536 -115.453 32.801 8.71 1.7 -115.448 32.804 0.160 17.751
15520161 -115.455 32.800 9.09 1.8 -115.448 32.804 0.159 17.721
37259648 -115.438 32.779 9.08 1.4 -115.433 32.782 0.186 20.711
37208861 -115.438 32.779 9.12 1.2 -115.433 32.782 0.186 20.711
37262864 -115.430 32.766 10.22 1.7 -115.425 32.769 0.202 22.407
37263360 -115.431 32.767 10.07 1.7 -115.426 32.770 0.200 22.253
37263368 -115.431 32.768 10.04 1.9 -115.426 32.771 0.199 22.161
37263616 -115.431 32.769 9.78 2.5 -115.427 32.772 0.198 22.068
37263640 -115.432 32.769 10.03 2.5 -115.427 32.772 0.198 22.007
37263648 -115.433 32.770 10.04 1.7 -115.428 32.773 0.197 21.853
37263664 -115.435 32.773 9.90 1.6 -115.430 32.776 0.193 21.452
37263688 -115.434 32.771 9.81 1.1 -115.429 32.775 0.195 21.699
37263720 -115.434 32.772 9.77 1.8 -115.429 32.775 0.194 21.606
37263752 -115.435 32.773 9.74 1.4 -115.430 32.776 0.193 21.452
37264320 -115.432 32.769 9.90 1.1 -115.427 32.772 0.198 22.007
37268248 -115.467 32.823 9.34 1.0 -115.462 32.826 0.134 14.851
37268280 -115.466 32.823 9.34 1.4 -115.462 32.826 0.134 14.912
37284496 -115.404 32.724 11.02 2.2 -115.398 32.728 0.251 27.898
37284536 -115.403 32.723 11.04 1.6 -115.397 32.727 0.252 28.052
37068087 -115.434 32.769 8.92 1.3 -115.428 32.773 0.197 21.884
37299000 -115.420 32.751 11.02 1.7 -115.415 32.754 0.220 24.412
37303880 -115.464 32.818 9.02 1.4 -115.459 32.821 0.139 15.499
37309496 -115.452 32.797 9.23 1.6 -115.446 32.801 0.164 18.183
37309520 -115.452 32.796 9.22 1.9 -115.445 32.800 0.164 18.276
37309696 -115.451 32.796 8.85 1.6 -115.445 32.800 0.165 18.337
37309704 -115.451 32.796 9.02 1.2 -115.445 32.800 0.165 18.337
37309720 -115.452 32.797 8.94 1.4 -115.446 32.801 0.164 18.183
37309728 -115.452 32.797 8.87 1.6 -115.446 32.801 0.164 18.183
37234181 -115.452 32.797 8.93 1.6 -115.446 32.801 0.164 18.183
37309736 -115.453 32.798 8.90 1.7 -115.447 32.802 0.162 18.029
37309744 -115.453 32.798 9.05 1.8 -115.447 32.802 0.162 18.029
37309760 -115.451 32.795 9.07 1.0 -115.445 32.799 0.166 18.430
37309768 -115.451 32.796 9.29 3.2 -115.445 32.800 0.165 18.337
37309776 -115.454 32.799 8.83 2.2 -115.447 32.803 0.161 17.875
37309784 -115.454 32.799 9.07 2.1 -115.447 32.803 0.161 17.875
37309800 -115.450 32.794 9.03 2.4 -115.444 32.798 0.167 18.584
37310040 -115.455 32.801 9.20 1.7 -115.449 32.805 0.159 17.628
37311984 -115.459 32.807 9.04 2.0 -115.453 32.811 0.151 16.826
37312064 -115.459 32.807 8.88 1.5 -115.453 32.811 0.151 16.826
37312072 -115.459 32.806 9.09 2.4 -115.452 32.810 0.152 16.919
37312120 -115.458 32.804 9.26 1.8 -115.451 32.809 0.154 17.166
37312264 -115.456 32.802 9.11 1.5 -115.449 32.806 0.157 17.474
37312272 -115.457 32.803 9.10 2.2 -115.450 32.807 0.156 17.320
37348368 -115.428 32.759 10.07 1.7 -115.421 32.763 0.208 23.180
37354136 -115.437 32.776 9.62 1.5 -115.432 32.779 0.189 21.051
37378600 -115.404 32.728 10.76 1.9 -115.400 32.731 0.248 27.526
37380488 -115.440 32.778 9.59 1.6 -115.434 32.782 0.186 20.682
37380496 -115.440 32.778 9.62 1.7 -115.434 32.782 0.186 20.682
37396480 -115.429 32.760 9.90 1.5 -115.422 32.765 0.207 23.026
37396688 -115.434 32.768 8.68 1.5 -115.427 32.772 0.198 21.977
37396704 -115.434 32.768 8.79 1.4 -115.427 32.772 0.198 21.977
37209751 -115.387 32.696 12.23 2.2 -115.380 32.701 0.284 31.538
37237935 -115.453 32.798 8.58 2.1 -115.447 32.802 0.162 18.029
37246047 -115.464 32.819 9.28 1.8 -115.460 32.822 0.139 15.406
37246055 -115.463 32.817 9.21 1.3 -115.458 32.820 0.141 15.653
37246079 -115.465 32.821 8.90 1.0 -115.461 32.824 0.136 15.159
37252727 -115.427 32.762 10.82 1.6 -115.422 32.765 0.207 22.962
37264031 -115.455 32.806 9.09 1.5 -115.451 32.809 0.154 17.164
37279239 -115.435 32.780 9.70 1.4 -115.433 32.781 0.187 20.801
37280167 -115.434 32.777 9.62 1.7 -115.431 32.779 0.190 21.141
37280183 -115.434 32.778 9.62 1.8 -115.432 32.779 0.189 21.048
37280535 -115.433 32.776 9.41 2.5 -115.431 32.778 0.192 21.295
37280543 -115.436 32.780 9.34 2.5 -115.433 32.782 0.187 20.740
37280551 -115.434 32.777 9.39 1.3 -115.431 32.779 0.190 21.141
37280575 -115.431 32.775 10.02 1.5 -115.429 32.776 0.193 21.510
37280583 -115.437 32.781 9.18 1.6 -115.434 32.783 0.185 20.586
37280647 -115.441 32.785 9.12 1.3 -115.437 32.788 0.180 19.970
37280671 -115.431 32.775 9.97 1.5 -115.429 32.776 0.193 21.510
37280719 -115.431 32.774 9.97 2.5 -115.429 32.775 0.194 21.603
37280735 -115.442 32.787 9.17 1.8 -115.438 32.789 0.177 19.723
37280751 -115.443 32.788 9.00 1.9 -115.439 32.791 0.176 19.569
37280831 -115.431 32.774 9.66 1.6 -115.429 32.775 0.194 21.603
37498512 -115.430 32.772 10.19 1.7 -115.428 32.773 0.197 21.850
37501472 -115.440 32.790 9.86 1.5 -115.439 32.791 0.176 19.567
37549576 -115.423 32.755 10.86 1.7 -115.418 32.758 0.215 23.857
37551088 -115.398 32.718 11.07 2.1 -115.393 32.721 0.259 28.822
37138892 -115.398 32.716 11.35 2.2 -115.392 32.720 0.261 29.008
37336559 -115.386 32.695 12.27 1.9 -115.379 32.700 0.285 31.692
37567880 -115.459 32.812 8.95 2.5 -115.455 32.815 0.147 16.362
37140492 -115.457 32.809 9.11 2.0 -115.453 32.812 0.151 16.763
37567920 -115.458 32.811 9.05 1.8 -115.454 32.814 0.149 16.516
37567952 -115.460 32.813 8.72 1.7 -115.456 32.816 0.146 16.208
37568312 -115.461 32.814 8.83 1.6 -115.456 32.817 0.144 16.054
37568448 -115.461 32.815 8.93 1.9 -115.457 32.818 0.144 15.961
37568576 -115.461 32.815 9.17 1.7 -115.457 32.818 0.144 15.961
37568584 -115.460 32.814 9.03 1.6 -115.456 32.817 0.145 16.115
37568600 -115.462 32.816 8.85 1.7 -115.458 32.819 0.142 15.807
37568624 -115.463 32.817 9.01 1.9 -115.458 32.820 0.141 15.653
37568632 -115.462 32.817 8.85 1.8 -115.458 32.820 0.141 15.714
37568640 -115.462 32.816 8.69 1.8 -115.458 32.819 0.142 15.807
37568648 -115.462 32.816 9.05 1.8 -115.458 32.819 0.142 15.807
37568656 -115.461 32.815 8.96 2.0 -115.457 32.818 0.144 15.961
37568680 -115.460 32.814 9.10 1.6 -115.456 32.817 0.145 16.115
37140524 -115.461 32.815 9.03 1.3 -115.457 32.818 0.144 15.961
37140532 -115.460 32.814 9.57 1.6 -115.456 32.817 0.145 16.115
37568704 -115.460 32.814 9.57 1.9 -115.456 32.817 0.145 16.115
37568720 -115.459 32.812 8.82 1.7 -115.455 32.815 0.147 16.362
37568736 -115.465 32.821 8.60 2.1 -115.461 32.824 0.136 15.159
37568792 -115.466 32.822 8.54 1.4 -115.462 32.825 0.135 15.005
37140716 -115.442 32.789 9.29 1.6 -115.439 32.791 0.176 19.538
37574928 -115.442 32.789 9.49 1.5 -115.439 32.791 0.176 19.538
37574960 -115.442 32.790 9.27 2.1 -115.440 32.792 0.175 19.445
37575328 -115.443 32.791 9.22 1.7 -115.440 32.793 0.173 19.291
37140804 -115.443 32.791 9.13 1.5 -115.440 32.793 0.173 19.291
37576080 -115.444 32.786 9.41 1.6 -115.438 32.790 0.177 19.694
37576088 -115.444 32.786 9.44 1.7 -115.438 32.790 0.177 19.694
37577864 -115.451 32.793 9.14 1.2 -115.444 32.798 0.167 18.616
37640120 -115.449 32.794 9.65 1.2 -115.444 32.798 0.168 18.645
37441927 -115.378 32.687 12.91 1.5 -115.373 32.690 0.296 32.924
37381437 -115.377 32.686 12.96 1.4 -115.372 32.689 0.297 33.078
37474463 -115.410 32.732 11.00 1.5 -115.403 32.736 0.241 26.788
37475607 -115.454 32.800 9.09 1.4 -115.448 32.804 0.160 17.782
37475623 -115.454 32.800 9.12 0.9 -115.448 32.804 0.160 17.782
37475631 -115.454 32.800 9.07 1.9 -115.448 32.804 0.160 17.782
37475775 -115.455 32.800 9.15 1.2 -115.448 32.804 0.159 17.721
37476111 -115.454 32.799 9.12 1.7 -115.447 32.803 0.161 17.875
37476207 -115.455 32.801 9.31 1.5 -115.449 32.805 0.159 17.628
37476743 -115.454 32.800 8.94 1.7 -115.448 32.804 0.160 17.782
37718040 -115.474 32.837 8.65 1.5 -115.471 32.839 0.118 13.123
37718272 -115.469 32.827 8.67 1.8 -115.465 32.830 0.129 14.358
37718280 -115.468 32.826 8.68 2.0 -115.464 32.829 0.131 14.512
37517799 -115.425 32.753 10.17 1.6 -115.418 32.758 0.215 23.921
37742016 -115.452 32.804 9.15 1.4 -115.449 32.806 0.158 17.533
37747904 -115.427 32.761 10.63 1.3 -115.422 32.764 0.207 23.055
37748800 -115.425 32.757 10.66 1.6 -115.419 32.761 0.212 23.549
37748808 -115.424 32.757 10.59 1.5 -115.419 32.760 0.212 23.610
37748976 -115.425 32.758 10.47 2.4 -115.420 32.761 0.211 23.456
37748984 -115.423 32.755 10.74 2.3 -115.418 32.758 0.215 23.857
37749016 -115.422 32.754 10.77 2.0 -115.417 32.757 0.216 24.011
37749048 -115.421 32.752 10.64 1.8 -115.416 32.755 0.218 24.258
37749912 -115.421 32.751 10.99 2.2 -115.415 32.755 0.219 24.351
37749920 -115.422 32.755 11.20 3.4 -115.418 32.758 0.215 23.918
37386117 -115.421 32.751 11.14 1.7 -115.415 32.755 0.219 24.351
37749944 -115.432 32.769 10.15 1.4 -115.427 32.772 0.198 22.007
37749952 -115.421 32.752 11.09 1.8 -115.416 32.755 0.218 24.258
37749960 -115.420 32.750 11.16 1.7 -115.415 32.754 0.220 24.505
37749976 -115.421 32.751 10.97 2.0 -115.415 32.755 0.219 24.351
37386133 -115.430 32.767 10.30 1.0 -115.425 32.770 0.201 22.315
37749984 -115.421 32.750 10.99 1.3 -115.415 32.754 0.220 24.444
37750000 -115.421 32.750 11.03 1.8 -115.415 32.754 0.220 24.444
37386141 -115.427 32.762 9.96 1.3 -115.422 32.765 0.207 22.962
37750024 -115.426 32.762 9.96 1.9 -115.422 32.765 0.207 23.024
37750040 -115.421 32.751 11.05 2.3 -115.415 32.755 0.219 24.351
37750152 -115.420 32.749 11.11 1.5 -115.414 32.753 0.221 24.598
37750304 -115.433 32.770 9.00 1.3 -115.428 32.773 0.197 21.853
37386149 -115.435 32.772 9.65 1.2 -115.429 32.776 0.194 21.545
37750352 -115.435 32.773 9.70 1.5 -115.430 32.776 0.193 21.452
37750520 -115.443 32.785 9.68 2.1 -115.438 32.788 0.178 19.848
37750624 -115.445 32.787 9.32 1.8 -115.439 32.791 0.176 19.540
37750656 -115.434 32.773 9.98 1.6 -115.429 32.776 0.193 21.513
37750808 -115.432 32.771 9.53 2.9 -115.428 32.774 0.196 21.821
37750816 -115.432 32.769 9.95 1.9 -115.427 32.772 0.198 22.007
37750824 -115.433 32.772 9.53 2.8 -115.429 32.775 0.195 21.667
37750832 -115.433 32.772 9.55 2.5 -115.429 32.775 0.195 21.667
37750840 -115.434 32.773 9.58 2.2 -115.429 32.776 0.193 21.513
37750864 -115.434 32.773 9.61 2.1 -115.429 32.776 0.193 21.513
37750872 -115.435 32.773 9.68 1.9 -115.430 32.776 0.193 21.452
37750896 -115.434 32.774 9.52 2.0 -115.430 32.777 0.193 21.420
37750904 -115.430 32.763 9.10 1.8 -115.424 32.767 0.204 22.686
37386173 -115.432 32.765 8.95 1.3 -115.425 32.769 0.201 22.378
37750912 -115.431 32.765 9.04 1.6 -115.425 32.769 0.202 22.439
37750928 -115.430 32.763 9.13 3.1 -115.424 32.767 0.204 22.686
37750936 -115.433 32.766 8.93 2.7 -115.426 32.771 0.200 22.224
37750944 -115.433 32.768 8.83 2.5 -115.427 32.772 0.198 22.038
37750960 -115.429 32.761 9.25 2.3 -115.422 32.765 0.206 22.933
37750968 -115.433 32.768 9.08 1.7 -115.427 32.772 0.198 22.038
37750976 -115.430 32.762 9.40 1.6 -115.423 32.766 0.205 22.779
37751424 -115.436 32.775 9.28 2.9 -115.431 32.778 0.191 21.205
37751432 -115.437 32.777 9.56 2.3 -115.432 32.780 0.188 20.958
37751440 -115.439 32.779 9.48 2.2 -115.434 32.782 0.186 20.650
37751448 -115.438 32.779 9.45 2.7 -115.433 32.782 0.186 20.711
37148804 -115.437 32.777 9.19 1.8 -115.432 32.780 0.188 20.958
37751608 -115.435 32.774 9.85 1.4 -115.430 32.777 0.192 21.359
37751920 -115.434 32.773 9.77 1.3 -115.429 32.776 0.193 21.513
37764560 -115.475 32.833 8.37 1.2 -115.469 32.837 0.121 13.433
37567823 -115.476 32.834 8.65 1.5 -115.470 32.838 0.119 13.279
37580367 -115.464 32.813 9.21 1.7 -115.457 32.818 0.144 15.963
37826896 -115.449 32.793 9.24 2.3 -115.443 32.797 0.169 18.738
37826960 -115.447 32.790 9.30 1.4 -115.441 32.794 0.172 19.139
37826968 -115.447 32.790 9.18 1.7 -115.441 32.794 0.172 19.139
37827280 -115.446 32.789 9.19 1.7 -115.440 32.793 0.174 19.293
37827392 -115.448 32.790 9.59 1.8 -115.442 32.794 0.172 19.078
37827456 -115.447 32.790 9.58 1.7 -115.441 32.794 0.172 19.139
37827552 -115.446 32.788 9.10 2.2 -115.440 32.792 0.174 19.386
37827560 -115.446 32.790 9.38 2.5 -115.441 32.793 0.173 19.200
37827568 -115.447 32.790 9.15 1.6 -115.441 32.794 0.172 19.139
37827576 -115.448 32.791 9.28 1.9 -115.442 32.795 0.171 18.985
37827584 -115.447 32.789 9.51 2.2 -115.441 32.793 0.173 19.232
37827608 -115.446 32.788 8.95 1.9 -115.440 32.792 0.174 19.386
37827624 -115.448 32.790 9.41 1.7 -115.442 32.794 0.172 19.078
37827664 -115.445 32.786 9.08 2.4 -115.439 32.790 0.177 19.633
37827688 -115.446 32.789 9.28 1.6 -115.440 32.793 0.174 19.293
37152980 -115.445 32.786 8.96 1.3 -115.439 32.790 0.177 19.633
37827752 -115.448 32.793 9.09 1.4 -115.443 32.796 0.169 18.799
37827768 -115.444 32.786 9.38 2.5 -115.438 32.790 0.177 19.694
37152972 -115.447 32.791 8.49 1.6 -115.442 32.795 0.171 19.046
37827776 -115.447 32.791 8.57 1.5 -115.442 32.795 0.171 19.046
37827928 -115.444 32.786 9.01 1.9 -115.438 32.790 0.177 19.694
37606719 -115.411 32.754 10.26 1.8 -115.414 32.752 0.222 24.684
37606903 -115.410 32.753 10.21 1.2 -115.413 32.751 0.223 24.838
37643711 -115.450 32.799 9.09 1.2 -115.446 32.801 0.163 18.120
37663383 -115.469 32.832 8.28 1.4 -115.467 32.833 0.125 13.893
37925224 -115.394 32.717 10.63 1.5 -115.392 32.719 0.262 29.160
37928240 -115.460 32.808 9.40 1.2 -115.453 32.812 0.150 16.672
37928592 -115.459 32.806 9.36 1.1 -115.452 32.810 0.152 16.919
37710783 -115.475 32.834 8.62 1.4 -115.470 32.837 0.120 13.341
37726847 -115.467 32.818 9.13 1.6 -115.460 32.823 0.138 15.316
37726871 -115.467 32.818 9.47 1.2 -115.460 32.823 0.138 15.316
37726879 -115.467 32.817 9.18 1.5 -115.460 32.822 0.139 15.409
37726895 -115.466 32.817 9.20 3.0 -115.459 32.821 0.139 15.470
37726975 -115.468 32.820 9.21 1.3 -115.461 32.824 0.136 15.069
37726983 -115.466 32.817 9.39 1.4 -115.459 32.821 0.139 15.470
37727007 -115.467 32.818 9.25 3.0 -115.460 32.823 0.138 15.316
37727015 -115.468 32.820 8.90 1.7 -115.461 32.824 0.136 15.069
37163212 -115.467 32.819 9.05 1.0 -115.461 32.823 0.137 15.223
37727031 -115.469 32.821 8.94 1.5 -115.462 32.826 0.134 14.915
37727039 -115.469 32.821 8.90 1.5 -115.462 32.826 0.134 14.915
37727047 -115.469 32.821 8.89 1.9 -115.462 32.826 0.134 14.915
37727055 -115.469 32.822 8.96 1.5 -115.463 32.826 0.133 14.822
37396525 -115.465 32.815 9.45 1.3 -115.458 32.820 0.141 15.717
37727071 -115.466 32.817 8.93 1.5 -115.459 32.821 0.139 15.470
37727095 -115.466 32.817 9.00 1.3 -115.459 32.821 0.139 15.470
37727103 -115.466 32.817 8.72 1.8 -115.459 32.821 0.139 15.470
37727111 -115.466 32.816 8.90 1.8 -115.459 32.821 0.140 15.563
37727119 -115.465 32.816 8.82 1.7 -115.459 32.820 0.141 15.624
37727127 -115.466 32.816 9.52 1.9 -115.459 32.821 0.140 15.563
37727135 -115.469 32.821 9.19 1.6 -115.462 32.826 0.134 14.915
37727143 -115.469 32.821 8.99 1.8 -115.462 32.826 0.134 14.915
37727159 -115.465 32.815 8.90 1.1 -115.458 32.820 0.141 15.717
37727167 -115.470 32.823 9.15 1.3 -115.463 32.827 0.132 14.668
37727175 -115.464 32.815 8.86 1.3 -115.458 32.819 0.142 15.778
37727215 -115.463 32.813 8.77 1.5 -115.457 32.817 0.144 16.025
37163220 -115.463 32.813 8.82 1.7 -115.457 32.817 0.144 16.025
37727231 -115.470 32.823 9.25 1.3 -115.463 32.827 0.132 14.668
37727239 -115.469 32.821 9.28 2.4 -115.462 32.826 0.134 14.915
37727247 -115.471 32.825 8.94 1.0 -115.465 32.829 0.130 14.421
37727255 -115.470 32.822 9.31 1.3 -115.463 32.827 0.133 14.761
37727279 -115.470 32.823 9.18 2.6 -115.463 32.827 0.132 14.668
37727295 -115.469 32.820 9.26 2.2 -115.462 32.825 0.135 15.008
37727351 -115.470 32.823 9.23 2.2 -115.463 32.827 0.132 14.668
37727439 -115.469 32.820 9.36 1.8 -115.462 32.825 0.135 15.008
37730447 -115.434 32.773 9.93 1.2 -115.429 32.776 0.193 21.513
37730639 -115.461 32.809 9.13 1.3 -115.454 32.814 0.149 16.518
37730671 -115.461 32.809 9.11 1.9 -115.454 32.814 0.149 16.518
37730703 -115.461 32.809 9.15 2.4 -115.454 32.814 0.149 16.518
37730711 -115.461 32.809 9.02 1.4 -115.454 32.814 0.149 16.518
37730751 -115.462 32.810 9.07 2.9 -115.455 32.815 0.147 16.364
37730759 -115.461 32.810 8.80 1.7 -115.455 32.814 0.148 16.426
37730775 -115.463 32.813 9.12 1.9 -115.457 32.817 0.144 16.025
37396573 -115.464 32.814 8.99 1.9 -115.457 32.818 0.143 15.871
37730783 -115.464 32.815 8.85 3.2 -115.458 32.819 0.142 15.778
37730799 -115.462 32.811 8.69 1.4 -115.455 32.815 0.146 16.272
37163228 -115.463 32.812 8.53 1.4 -115.456 32.817 0.145 16.118
37730807 -115.460 32.807 8.88 1.4 -115.453 32.812 0.151 16.765
37730823 -115.459 32.807 8.83 2.7 -115.453 32.811 0.151 16.826
37163236 -115.459 32.806 9.03 2.4 -115.452 32.810 0.152 16.919
37730847 -115.469 32.821 9.39 2.5 -115.462 32.826 0.134 14.915
37396581 -115.458 32.805 8.97 1.9 -115.451 32.809 0.154 17.073
37730855 -115.470 32.823 9.41 1.5 -115.463 32.827 0.132 14.668
37731287 -115.470 32.822 9.44 2.1 -115.463 32.827 0.133 14.761
37163388 -115.461 32.809 8.82 1.1 -115.454 32.814 0.149 16.518
37731999 -115.461 32.809 8.86 1.4 -115.454 32.814 0.149 16.518
37732207 -115.457 32.803 8.81 1.2 -115.450 32.807 0.156 17.320
37732351 -115.456 32.802 9.11 2.0 -115.449 32.806 0.157 17.474
37732359 -115.456 32.802 9.01 2.4 -115.449 32.806 0.157 17.474
37732367 -115.455 32.801 9.01 2.1 -115.449 32.805 0.159 17.628
37732383 -115.457 32.803 9.24 1.8 -115.450 32.807 0.156 17.320
37732903 -115.457 32.803 9.14 1.2 -115.450 32.807 0.156 17.320
37983104 -115.423 32.750 10.23 1.4 -115.416 32.755 0.219 24.322
37983112 -115.423 32.751 10.27 1.8 -115.416 32.756 0.218 24.229
37752967 -115.434 32.784 10.60 1.4 -115.435 32.784 0.184 20.491
37754327 -115.425 32.758 10.91 1.3 -115.420 32.761 0.211 23.456
38037336 -115.464 32.818 8.09 1.4 -115.459 32.821 0.139 15.499
37841631 -115.435 32.771 10.10 1.9 -115.429 32.775 0.195 21.637
38100000 -115.419 32.748 9.91 1.6 -115.413 32.752 0.223 24.752
38100016 -115.418 32.747 9.87 1.7 -115.413 32.750 0.224 24.906
37179068 -115.418 32.747 9.82 1.4 -115.413 32.750 0.224 24.906
37904031 -115.447 32.790 9.10 1.4 -115.441 32.794 0.172 19.139
37910103 -115.443 32.793 9.58 1.4 -115.441 32.794 0.172 19.105
37266946 -115.432 32.768 10.08 1.4 -115.427 32.772 0.199 22.099
37266954 -115.432 32.768 10.05 1.2 -115.427 32.772 0.199 22.099
37269714 -115.389 32.703 11.15 1.5 -115.384 32.706 0.277 30.766
37269722 -115.389 32.702 11.14 1.6 -115.383 32.706 0.278 30.858
38233112 -115.436 32.786 10.65 1.9 -115.436 32.786 0.182 20.183
37365274 -115.458 32.804 9.24 1.0 -115.451 32.809 0.154 17.166
37374610 -115.421 32.750 9.60 1.3 -115.415 32.754 0.220 24.444
37374618 -115.421 32.750 9.59 1.3 -115.415 32.754 0.220 24.444
37378506 -115.453 32.799 9.23 1.9 -115.447 32.803 0.161 17.936
37378618 -115.453 32.797 9.06 1.7 -115.446 32.801 0.163 18.122
37378674 -115.453 32.798 8.97 2.5 -115.447 32.802 0.162 18.029
37378690 -115.454 32.800 8.79 1.3 -115.448 32.804 0.160 17.782
37378682 -115.452 32.797 8.93 2.4 -115.446 32.801 0.164 18.183
37378706 -115.451 32.796 9.06 1.7 -115.445 32.800 0.165 18.337
37378714 -115.451 32.796 9.07 1.6 -115.445 32.800 0.165 18.337
37378730 -115.450 32.795 9.28 1.6 -115.444 32.799 0.166 18.491
37378738 -115.451 32.796 9.02 2.6 -115.445 32.800 0.165 18.337
37378746 -115.453 32.799 9.05 2.1 -115.447 32.803 0.161 17.936
37378754 -115.449 32.794 9.15 1.9 -115.444 32.798 0.168 18.645
37378786 -115.447 32.791 9.26 2.2 -115.442 32.795 0.171 19.046
37378794 -115.449 32.794 9.08 2.5 -115.444 32.798 0.168 18.645
38316072 -115.454 32.800 9.23 1.1 -115.448 32.804 0.160 17.782
38317152 -115.452 32.800 8.70 1.6 -115.447 32.803 0.161 17.905
38318688 -115.428 32.759 8.91 1.5 -115.421 32.763 0.208 23.180
38146191 -115.464 32.820 10.06 1.3 -115.460 32.823 0.138 15.313
38394408 -115.419 32.755 10.70 1.5 -115.417 32.757 0.217 24.102
38395016 -115.417 32.753 10.63 1.7 -115.415 32.754 0.220 24.410
38395104 -115.416 32.751 10.68 1.7 -115.414 32.752 0.222 24.657
38163455 -115.419 32.755 10.39 2.2 -115.417 32.757 0.217 24.102
38163647 -115.417 32.754 10.61 1.5 -115.416 32.755 0.219 24.317
38163783 -115.420 32.756 10.38 1.8 -115.417 32.758 0.215 23.948
37201980 -115.420 32.755 10.35 1.9 -115.417 32.757 0.216 24.041
38163791 -115.421 32.757 10.55 1.9 -115.418 32.759 0.214 23.794
38409600 -115.432 32.770 10.15 1.4 -115.427 32.773 0.197 21.914
38424224 -115.459 32.813 9.16 1.5 -115.455 32.815 0.146 16.269
38424232 -115.459 32.813 9.19 1.8 -115.455 32.815 0.146 16.269
38281207 -115.465 32.820 9.24 1.3 -115.460 32.823 0.137 15.252
38285767 -115.445 32.789 8.88 1.6 -115.440 32.792 0.174 19.354
38551160 -115.436 32.775 9.86 1.9 -115.431 32.778 0.191 21.205
38551184 -115.436 32.774 9.87 1.5 -115.431 32.778 0.192 21.298
37214804 -115.435 32.774 9.85 1.5 -115.430 32.777 0.192 21.359
38593240 -115.432 32.770 9.84 2.5 -115.427 32.773 0.197 21.914
38616984 -115.472 32.826 8.84 1.7 -115.465 32.830 0.128 14.267
38626472 -115.470 32.822 8.82 1.3 -115.463 32.827 0.133 14.761
38639472 -115.419 32.751 11.14 2.0 -115.415 32.754 0.220 24.473
38639528 -115.420 32.751 11.13 1.5 -115.415 32.754 0.220 24.412
38639632 -115.420 32.751 11.11 2.2 -115.415 32.754 0.220 24.412
38430823 -115.441 32.782 9.19 1.2 -115.436 32.785 0.182 20.249
37218540 -115.441 32.781 9.26 1.0 -115.435 32.785 0.183 20.342
38431311 -115.441 32.781 9.51 1.7 -115.435 32.785 0.183 20.342
38431343 -115.441 32.781 9.58 1.9 -115.435 32.785 0.183 20.342
38431359 -115.440 32.780 9.54 1.7 -115.434 32.784 0.184 20.496
38431375 -115.442 32.783 9.19 1.7 -115.436 32.787 0.181 20.095
38431607 -115.443 32.784 9.43 1.8 -115.437 32.788 0.179 19.941
38434303 -115.453 32.804 9.09 1.7 -115.449 32.806 0.157 17.472
38434319 -115.452 32.803 9.07 1.3 -115.449 32.805 0.159 17.626
38435063 -115.452 32.805 9.40 1.5 -115.450 32.807 0.157 17.440
38441719 -115.436 32.771 8.69 2.0 -115.429 32.776 0.194 21.576
38458279 -115.428 32.761 8.34 2.3 -115.422 32.765 0.207 22.994
38458367 -115.430 32.763 8.39 2.2 -115.424 32.767 0.204 22.686
38532255 -115.408 32.728 10.45 1.7 -115.401 32.733 0.245 27.282
38947056 -115.478 32.834 9.01 1.3 -115.471 32.839 0.118 13.157
39005152 -115.399 32.721 9.93 2.0 -115.395 32.724 0.256 28.482
39018032 -115.457 32.802 9.46 1.4 -115.450 32.807 0.157 17.413
38813519 -115.455 32.805 8.69 2.2 -115.451 32.808 0.155 17.257
38813983 -115.455 32.804 8.54 1.4 -115.450 32.807 0.156 17.350
38814087 -115.455 32.806 9.03 1.6 -115.451 32.809 0.154 17.164
38814095 -115.455 32.806 8.82 1.7 -115.451 32.809 0.154 17.164
38814103 -115.456 32.807 8.91 1.4 -115.452 32.810 0.153 17.010
38814367 -115.454 32.805 8.93 1.0 -115.450 32.807 0.156 17.318
37426741 -115.454 32.804 8.94 1.7 -115.450 32.807 0.157 17.411
38815255 -115.458 32.804 9.01 1.4 -115.451 32.809 0.154 17.166
37427997 -115.417 32.741 10.36 1.9 -115.410 32.746 0.230 25.524
39096048 -115.416 32.740 10.37 2.7 -115.409 32.745 0.231 25.678
38253098 -115.409 32.730 10.86 2.1 -115.402 32.735 0.243 27.035
39204208 -115.388 32.698 12.15 1.8 -115.381 32.703 0.281 31.291
39018727 -115.406 32.726 10.98 1.5 -115.399 32.730 0.248 27.590
39018735 -115.406 32.726 10.96 2.0 -115.399 32.730 0.248 27.590
39018743 -115.405 32.725 11.00 1.6 -115.399 32.729 0.250 27.744
39018839 -115.405 32.726 10.87 2.5 -115.399 32.730 0.249 27.651
39080015 -115.431 32.767 10.16 1.6 -115.426 32.770 0.200 22.253
39088575 -115.448 32.790 9.00 1.9 -115.442 32.794 0.172 19.078
39088631 -115.447 32.789 9.00 1.6 -115.441 32.793 0.173 19.232
39088775 -115.444 32.786 9.28 2.0 -115.438 32.790 0.177 19.694
39088783 -115.445 32.788 9.28 1.8 -115.440 32.792 0.175 19.447
39088807 -115.444 32.785 9.29 2.4 -115.438 32.789 0.178 19.787
39088887 -115.446 32.789 9.28 1.8 -115.440 32.793 0.174 19.293
39088927 -115.445 32.787 9.35 2.6 -115.439 32.791 0.176 19.540
37443685 -115.447 32.790 9.20 2.4 -115.441 32.794 0.172 19.139
39088935 -115.446 32.788 9.54 3.1 -115.440 32.792 0.174 19.386
39088959 -115.442 32.783 9.46 1.9 -115.436 32.787 0.181 20.095
39089127 -115.449 32.792 8.93 1.8 -115.443 32.796 0.169 18.831
39089135 -115.449 32.791 8.93 1.6 -115.442 32.795 0.170 18.924
39089143 -115.449 32.791 8.80 1.6 -115.442 32.795 0.170 18.924
39089167 -115.449 32.791 8.96 1.9 -115.442 32.795 0.170 18.924
39089175 -115.450 32.793 8.88 1.5 -115.443 32.797 0.168 18.677
39089183 -115.450 32.792 8.92 1.5 -115.443 32.797 0.169 18.770
38393922 -115.436 32.774 9.53 1.6 -115.431 32.778 0.192 21.298
39106007 -115.437 32.775 9.40 1.4 -115.431 32.779 0.190 21.144
39111895 -115.437 32.776 9.66 1.4 -115.432 32.779 0.189 21.051
39118831 -115.447 32.787 10.20 1.2 -115.440 32.792 0.175 19.418
39118839 -115.447 32.787 10.20 1.7 -115.440 32.792 0.175 19.418
39119167 -115.447 32.787 10.24 1.4 -115.440 32.792 0.175 19.418
39119871 -115.422 32.750 9.45 1.1 -115.415 32.754 0.219 24.383
39122303 -115.443 32.784 10.37 1.4 -115.437 32.788 0.179 19.941
39122671 -115.468 32.819 6.93 1.5 -115.461 32.824 0.136 15.162
39400232 -115.431 32.777 10.87 1.8 -115.430 32.777 0.192 21.325
38477890 -115.424 32.761 10.45 1.4 -115.421 32.763 0.209 23.239
38478194 -115.423 32.760 10.48 1.5 -115.420 32.762 0.210 23.393
38480482 -115.425 32.763 10.29 1.7 -115.422 32.765 0.207 22.992
38481738 -115.423 32.760 10.41 2.2 -115.420 32.762 0.210 23.393
38486530 -115.407 32.728 11.04 1.8 -115.401 32.732 0.246 27.343
39207383 -115.449 32.799 9.44 1.6 -115.446 32.801 0.164 18.181
39218255 -115.418 32.748 9.31 1.4 -115.413 32.751 0.223 24.813
39267239 -115.415 32.740 10.23 1.6 -115.409 32.744 0.231 25.739
39342527 -115.460 32.815 9.51 1.4 -115.457 32.817 0.144 16.022
39349015 -115.395 32.711 11.69 1.8 -115.389 32.715 0.267 29.656
38680090 -115.466 32.822 9.33 1.4 -115.462 32.825 0.135 15.005
38705330 -115.441 32.796 10.10 1.2 -115.442 32.795 0.170 18.949
39652952 -115.432 32.769 10.05 1.4 -115.427 32.772 0.198 22.007
39661392 -115.469 32.826 9.40 1.5 -115.464 32.829 0.130 14.450
39508639 -115.436 32.775 9.80 1.1 -115.431 32.778 0.191 21.205
39755656 -115.450 32.797 9.53 2.5 -115.445 32.800 0.165 18.305
39756904 -115.451 32.798 9.07 1.5 -115.446 32.801 0.163 18.151
39756928 -115.451 32.798 9.11 1.9 -115.446 32.801 0.163 18.151
39757800 -115.451 32.797 9.16 1.5 -115.446 32.801 0.164 18.244
39757856 -115.451 32.797 9.22 1.7 -115.446 32.801 0.164 18.244
39757896 -115.452 32.800 9.07 1.2 -115.447 32.803 0.161 17.905
37464197 -115.452 32.799 9.09 1.2 -115.447 32.802 0.162 17.997
39758528 -115.450 32.795 9.03 1.5 -115.444 32.799 0.166 18.491
39758672 -115.449 32.792 9.25 1.4 -115.443 32.796 0.169 18.831
39759280 -115.452 32.799 9.25 1.8 -115.447 32.802 0.162 17.997
39759672 -115.452 32.799 9.36 1.6 -115.447 32.802 0.162 17.997
39759720 -115.448 32.791 8.64 1.3 -115.442 32.795 0.171 18.985
39760560 -115.449 32.796 9.54 2.3 -115.445 32.799 0.166 18.460
39764224 -115.379 32.690 12.11 1.6 -115.375 32.693 0.293 32.584
39538743 -115.434 32.773 9.91 1.5 -115.429 32.776 0.193 21.513
39539239 -115.414 32.751 10.81 1.7 -115.413 32.751 0.223 24.779
39539343 -115.414 32.751 10.75 1.8 -115.413 32.751 0.223 24.779
39540559 -115.413 32.750 10.87 1.3 -115.413 32.750 0.224 24.933
37465789 -115.429 32.771 10.36 1.4 -115.427 32.772 0.198 22.004
39794360 -115.450 32.801 7.34 1.6 -115.447 32.803 0.161 17.934
39794368 -115.451 32.801 7.40 2.0 -115.447 32.803 0.161 17.873
37466469 -115.450 32.801 7.42 1.2 -115.447 32.803 0.161 17.934
39794384 -115.450 32.801 7.41 1.8 -115.447 32.803 0.161 17.934
39795000 -115.454 32.803 7.72 1.6 -115.449 32.806 0.157 17.504
39799936 -115.462 32.812 8.67 1.7 -115.456 32.816 0.145 16.179
39799944 -115.462 32.812 8.60 1.6 -115.456 32.816 0.145 16.179
39799952 -115.463 32.812 8.92 1.5 -115.456 32.817 0.145 16.118
37466909 -115.461 32.811 8.65 1.0 -115.455 32.815 0.147 16.333
39799968 -115.463 32.811 8.96 2.0 -115.456 32.816 0.146 16.210
39800544 -115.463 32.812 8.85 3.0 -115.456 32.817 0.145 16.118
39800560 -115.461 32.809 8.84 1.7 -115.454 32.814 0.149 16.518
39800568 -115.460 32.808 8.85 1.4 -115.453 32.812 0.150 16.672
39802096 -115.460 32.808 8.89 1.9 -115.453 32.812 0.150 16.672
39802104 -115.460 32.808 9.11 1.3 -115.453 32.812 0.150 16.672
39595135 -115.429 32.764 10.59 1.4 -115.424 32.767 0.204 22.654
39842584 -115.436 32.776 9.57 1.5 -115.431 32.779 0.190 21.112
37472045 -115.437 32.776 9.70 1.3 -115.432 32.779 0.189 21.051
39842696 -115.436 32.776 9.84 1.4 -115.431 32.779 0.190 21.112
39842784 -115.439 32.779 9.44 2.4 -115.434 32.782 0.186 20.650
39842792 -115.436 32.776 9.64 2.9 -115.431 32.779 0.190 21.112
39842832 -115.435 32.774 9.77 1.4 -115.430 32.777 0.192 21.359
39842840 -115.437 32.778 9.18 2.2 -115.433 32.781 0.188 20.865
39842872 -115.434 32.774 9.77 3.2 -115.430 32.777 0.193 21.420
39842880 -115.435 32.774 9.50 2.3 -115.430 32.777 0.192 21.359
39842888 -115.435 32.774 9.71 2.2 -115.430 32.777 0.192 21.359
39842896 -115.437 32.777 9.92 3.7 -115.432 32.780 0.188 20.958
39842904 -115.434 32.773 9.51 2.6 -115.429 32.776 0.193 21.513
37471597 -115.433 32.772 9.52 1.8 -115.429 32.775 0.195 21.667
39842912 -115.433 32.772 9.52 1.8 -115.429 32.775 0.195 21.667
39842928 -115.443 32.785 9.40 2.1 -115.438 32.788 0.178 19.848
39843128 -115.439 32.778 9.94 1.6 -115.433 32.782 0.187 20.743
39843208 -115.434 32.769 8.94 1.7 -115.428 32.773 0.197 21.884
39843216 -115.433 32.768 8.82 2.2 -115.427 32.772 0.198 22.038
37471605 -115.434 32.769 8.70 2.3 -115.428 32.773 0.197 21.884
39843224 -115.434 32.768 8.91 1.9 -115.427 32.772 0.198 21.977
39843232 -115.445 32.784 10.36 1.9 -115.438 32.789 0.178 19.819
39844176 -115.431 32.768 10.10 1.8 -115.426 32.771 0.199 22.161
37471741 -115.432 32.768 10.26 1.6 -115.427 32.772 0.199 22.099
39844232 -115.431 32.769 9.81 2.8 -115.427 32.772 0.198 22.068
39844264 -115.431 32.769 9.86 2.9 -115.427 32.772 0.198 22.068
39844272 -115.433 32.772 9.47 2.8 -115.429 32.775 0.195 21.667
39844296 -115.450 32.791 9.12 1.8 -115.443 32.796 0.170 18.863
39844312 -115.450 32.791 9.09 1.5 -115.443 32.796 0.170 18.863
39902752 -115.475 32.834 8.27 1.5 -115.470 32.837 0.120 13.341
39902760 -115.476 32.834 8.23 1.3 -115.470 32.838 0.119 13.279
39902768 -115.475 32.833 8.25 1.2 -115.469 32.837 0.121 13.433
39912512 -115.399 32.725 10.30 1.6 -115.397 32.726 0.253 28.111
39730367 -115.389 32.720 10.86 1.8 -115.392 32.718 0.262 29.187
39974512 -115.472 32.836 8.19 1.4 -115.470 32.837 0.120 13.338
39974632 -115.473 32.838 8.12 1.9 -115.471 32.839 0.118 13.091
39974648 -115.467 32.826 8.46 2.2 -115.464 32.828 0.131 14.573
39974768 -115.466 32.824 8.51 2.2 -115.463 32.826 0.133 14.820
39974776 -115.466 32.824 8.60 1.9 -115.463 32.826 0.133 14.820
39974848 -115.472 32.837 8.31 1.6 -115.470 32.838 0.119 13.245
39974864 -115.472 32.837 8.34 1.6 -115.470 32.838 0.119 13.245
39974872 -115.472 32.838 8.34 1.7 -115.471 32.839 0.118 13.152
39974920 -115.474 32.840 8.12 1.5 -115.472 32.841 0.116 12.844
39974968 -115.467 32.825 8.60 2.1 -115.463 32.827 0.132 14.666
39975008 -115.466 32.824 8.90 2.1 -115.463 32.826 0.133 14.820
39975064 -115.466 32.821 8.66 1.9 -115.461 32.824 0.136 15.098
39975096 -115.473 32.840 8.24 1.4 -115.472 32.841 0.116 12.906
39975104 -115.473 32.838 8.15 1.6 -115.471 32.839 0.118 13.091
37338692 -115.473 32.839 8.25 1.9 -115.472 32.840 0.117 12.998
39975640 -115.466 32.822 8.57 1.8 -115.462 32.825 0.135 15.005
39742063 -115.468 32.828 8.65 2.2 -115.465 32.830 0.129 14.326
39742071 -115.468 32.828 8.68 1.9 -115.465 32.830 0.129 14.326
39742079 -115.467 32.825 8.83 2.9 -115.463 32.827 0.132 14.666
39742095 -115.466 32.823 8.91 2.2 -115.462 32.826 0.134 14.912
39742143 -115.467 32.824 9.14 1.6 -115.463 32.827 0.133 14.758
39742575 -115.468 32.828 8.74 1.7 -115.465 32.830 0.129 14.326
39742631 -115.467 32.825 9.27 1.5 -115.463 32.827 0.132 14.666
39749039 -115.457 32.802 9.23 1.7 -115.450 32.807 0.157 17.413
39749135 -115.456 32.801 9.18 2.9 -115.449 32.806 0.158 17.567
39749143 -115.456 32.800 8.75 2.4 -115.449 32.805 0.159 17.660
39749151 -115.455 32.800 9.02 3.0 -115.448 32.804 0.159 17.721
37478453 -115.455 32.799 8.61 1.1 -115.448 32.804 0.160 17.814
39749191 -115.459 32.805 8.90 1.9 -115.452 32.810 0.153 17.012
39749255 -115.457 32.802 8.62 1.3 -115.450 32.807 0.157 17.413
39749583 -115.452 32.794 9.06 1.3 -115.445 32.799 0.166 18.462
39750031 -115.452 32.794 9.07 2.3 -115.445 32.799 0.166 18.462
39750063 -115.451 32.793 9.16 2.0 -115.444 32.798 0.167 18.616
39750095 -115.452 32.794 9.02 1.6 -115.445 32.799 0.166 18.462
39755735 -115.446 32.786 9.92 1.1 -115.439 32.791 0.176 19.572
40030960 -115.425 32.755 9.74 1.3 -115.418 32.759 0.213 23.735
40030976 -115.425 32.755 9.78 2.0 -115.418 32.759 0.213 23.735
39817415 -115.424 32.752 10.19 1.7 -115.417 32.757 0.217 24.075
39817431 -115.424 32.752 10.21 2.2 -115.417 32.757 0.217 24.075
39817455 -115.425 32.753 10.23 1.7 -115.418 32.758 0.215 23.921
39840175 -115.469 32.826 4.97 1.3 -115.464 32.829 0.130 14.450
39864327 -115.409 32.731 10.99 1.5 -115.403 32.735 0.242 26.942
39864335 -115.409 32.731 10.99 1.6 -115.403 32.735 0.242 26.942
39865343 -115.419 32.744 10.01 1.1 -115.412 32.749 0.226 25.123
39871279 -115.418 32.743 10.16 2.1 -115.411 32.748 0.227 25.277
39901703 -115.419 32.748 9.88 1.6 -115.413 32.752 0.223 24.752
39914567 -115.384 32.692 11.92 1.9 -115.377 32.697 0.289 32.093
40183776 -115.411 32.747 11.35 1.5 -115.411 32.747 0.228 25.334
40196224 -115.399 32.718 11.37 1.9 -115.394 32.722 0.259 28.761
39982487 -115.441 32.793 9.64 1.7 -115.441 32.793 0.173 19.227
39982767 -115.441 32.794 9.61 1.6 -115.441 32.794 0.172 19.134
