evid lon[deg] lat[deg] depth[km] mag[ML]
14567444 -115.425 32.749 11.09 1.3
14567452 -115.424 32.749 10.80 1.7
14567964 -115.406 32.745 11.31 1.2
14568588 -115.419 32.750 11.12 1.6
14568620 -115.418 32.749 11.23 2.5
14568628 -115.418 32.749 11.02 2.1
14568652 -115.418 32.748 11.04 1.9
14568788 -115.419 32.751 11.05 1.7
14568796 -115.420 32.751 11.07 1.3
14568956 -115.417 32.740 11.24 2.0
14569884 -115.407 32.746 11.26 1.9
14571820 -115.622 32.754 12.71 2.2
10526349 -115.406 32.744 11.53 1.2
25221759 -115.406 32.745 11.31 1.6
10529021 -115.406 32.745 11.54 1.8
10529965 -115.406 32.746 11.14 1.6
10529989 -115.408 32.747 10.88 1.2
10530325 -115.407 32.746 11.42 1.6
10530501 -115.407 32.747 10.90 1.6
10530637 -115.408 32.747 11.07 1.7
10530957 -115.408 32.748 11.12 1.8
10532613 -115.452 32.789 9.25 0.8
10532605 -115.452 32.788 9.12 1.7
14581836 -115.453 32.790 8.66 2.2
10535613 -115.409 32.749 11.29 3.3
10535621 -115.409 32.749 11.26 1.3
10536037 -115.405 32.743 11.25 2.6
10536109 -115.408 32.749 11.45 2.1
10536253 -115.411 32.751 11.13 2.1
10536389 -115.406 32.746 11.16 1.8
10536405 -115.411 32.752 10.98 2.2
10536429 -115.411 32.752 10.94 1.7
10536549 -115.410 32.752 10.92 1.4
10536581 -115.410 32.751 10.96 1.9
10536629 -115.407 32.747 10.60 3.1
10536637 -115.407 32.747 11.16 2.4
10536645 -115.411 32.752 10.96 2.8
14584764 -115.409 32.749 11.14 1.9
14584772 -115.408 32.748 11.21 1.8
14585900 -115.623 32.758 12.35 2.5
26965759 -115.622 32.754 12.59 2.4
14585932 -115.622 32.754 12.60 2.0
14585940 -115.623 32.755 12.57 2.0
14585956 -115.624 32.759 12.44 1.5
14585996 -115.624 32.758 12.29 1.7
14586028 -115.624 32.759 12.50 1.5
14586036 -115.623 32.758 12.36 3.1
14586052 -115.624 32.760 12.39 1.5
14586060 -115.624 32.758 12.14 2.0
14586068 -115.624 32.759 12.17 1.5
14586252 -115.624 32.759 12.41 1.8
14586316 -115.624 32.758 12.32 1.8
14586340 -115.624 32.758 12.23 1.7
14586572 -115.625 32.759 12.13 1.7
14587140 -115.624 32.758 12.34 1.9
14587444 -115.624 32.760 12.38 1.8
14587468 -115.624 32.759 12.18 2.0
14587500 -115.404 32.745 10.63 1.9
10540949 -115.625 32.760 12.22 1.7
10541005 -115.625 32.761 12.26 1.9
10541037 -115.625 32.761 12.21 1.5
10541221 -115.625 32.760 12.12 1.7
10541373 -115.625 32.761 12.17 1.9
10541429 -115.597 32.825 9.98 0.7
10541621 -115.625 32.760 12.16 1.6
10541725 -115.625 32.760 12.02 1.0
10544317 -115.445 32.784 9.98 1.8
10144162 -115.446 32.785 9.91 1.7
10545293 -115.408 32.748 10.72 1.5
10545301 -115.407 32.747 10.82 1.4
10545853 -115.418 32.748 9.50 1.9
10546117 -115.446 32.785 10.44 1.2
14595860 -115.426 32.758 10.86 1.4
14597732 -115.466 32.823 9.21 1.5
14600444 -115.586 32.824 10.73 1.8
14600764 -115.586 32.824 10.76 1.4
14601460 -115.593 32.830 10.45 2.1
14601468 -115.593 32.829 10.42 1.6
29765759 -115.591 32.825 9.96 1.7
14601780 -115.588 32.823 10.25 1.6
14601772 -115.588 32.823 10.12 2.0
14601788 -115.591 32.825 9.97 2.6
14601892 -115.595 32.827 10.15 1.1
14601916 -115.588 32.818 9.66 1.7
14604068 -115.453 32.789 8.80 1.7
14604396 -115.589 32.825 10.36 1.8
14606740 -115.441 32.779 9.31 1.4
14606756 -115.440 32.778 9.63 1.4
14606812 -115.439 32.777 9.56 1.5
10177370 -115.588 32.827 10.63 2.7
14615660 -115.447 32.801 8.87 2.5
10183330 -115.447 32.802 8.84 1.8
10182690 -115.446 32.800 8.68 2.2
10183430 -115.446 32.801 8.91 2.5
14616692 -115.588 32.826 10.72 2.0
37005063 -115.449 32.798 9.04 0.5
14619980 -115.539 32.789 11.07 1.5
14621124 -115.596 32.826 9.68 2.1
14624100 -115.489 32.750 8.39 1.7
14627668 -115.514 32.752 7.72 1.9
10590269 -115.514 32.754 7.77 2.1
10592221 -115.513 32.754 8.77 1.9
10592245 -115.513 32.753 8.64 1.6
10601541 -115.532 32.788 11.07 1.5
10602213 -115.467 32.825 9.32 1.9
37230413 -115.468 32.826 9.31 2.0
31869759 -115.500 32.761 10.42 1.5
10613325 -115.528 32.781 9.78 1.4
37174573 -115.510 32.762 9.31 1.2
10633973 -115.607 32.824 9.04 1.3
14687932 -115.492 32.743 9.57 1.4
10666589 -115.432 32.761 10.49 1.5
14721884 -115.487 32.747 8.71 1.2
14724108 -115.525 32.741 8.14 1.1
14731460 -115.439 32.725 9.81 1.1
14750612 -115.603 32.831 10.05 1.5
14774644 -115.435 32.766 9.73 1.7
10758533 -115.567 32.790 10.37 1.2
10759445 -115.425 32.759 11.04 1.2
10783421 -115.426 32.760 11.04 1.5
10785429 -115.466 32.816 9.27 1.9
10785453 -115.466 32.817 9.19 1.3
10785581 -115.469 32.821 9.00 2.0
10788421 -115.467 32.818 9.28 2.0
10791493 -115.452 32.802 8.95 1.2
10791525 -115.452 32.803 8.96 1.9
10792741 -115.408 32.750 10.96 0.8
10792901 -115.407 32.749 10.90 1.4
10792957 -115.407 32.749 10.89 1.1
10796197 -115.502 32.756 9.99 2.5
14856212 -115.461 32.803 9.19 2.2
14856596 -115.459 32.806 9.35 1.5
14860852 -115.454 32.799 9.15 1.9
14860860 -115.454 32.799 9.04 1.7
14860868 -115.453 32.798 9.10 1.2
14860876 -115.452 32.798 9.21 1.4
14860924 -115.454 32.799 6.27 1.8
14860932 -115.453 32.798 9.23 1.9
14860948 -115.452 32.797 9.15 1.8
14860956 -115.453 32.799 9.07 2.7
14860972 -115.454 32.799 9.07 2.5
14860980 -115.455 32.800 8.95 1.4
14860988 -115.452 32.797 8.97 1.6
14861004 -115.455 32.801 8.94 1.2
14861012 -115.455 32.801 9.09 1.6
14861036 -115.452 32.796 8.96 1.7
14861060 -115.452 32.796 8.93 1.9
14861100 -115.449 32.792 9.20 1.6
14861108 -115.450 32.794 9.17 1.8
14861172 -115.447 32.790 9.11 1.7
14861420 -115.446 32.788 9.03 1.8
14861428 -115.446 32.789 8.97 2.0
14861612 -115.447 32.791 9.41 1.4
14861620 -115.445 32.786 9.01 1.7
14861628 -115.445 32.787 9.13 1.9
14861668 -115.446 32.790 9.53 1.3
14861732 -115.444 32.784 9.21 1.1
14861836 -115.443 32.785 9.60 1.2
14861852 -115.443 32.785 9.47 1.5
10825333 -115.435 32.785 10.67 1.6
14871676 -115.436 32.780 9.49 1.5
14871796 -115.436 32.779 9.35 1.9
14871804 -115.436 32.781 9.56 2.0
14871916 -115.434 32.777 9.66 1.8
14871924 -115.433 32.776 9.67 1.5
14872260 -115.431 32.774 10.22 1.4
14872284 -115.430 32.774 10.27 1.4
10833989 -115.528 32.779 11.11 1.3
10835221 -115.468 32.814 9.73 1.1
14884836 -115.599 32.835 10.52 1.9
10868245 -115.529 32.780 11.07 2.2
10873221 -115.533 32.699 5.05 1.3
10873301 -115.533 32.699 4.95 1.4
10874229 -115.533 32.700 4.98 1.8
10876253 -115.436 32.773 9.48 1.3
10876269 -115.438 32.776 9.23 2.1
10876277 -115.438 32.776 9.39 1.3
14932228 -115.406 32.729 10.83 1.3
10903949 -115.608 32.840 10.48 1.6
36947719 -115.607 32.840 10.48 1.4
10903957 -115.607 32.839 10.45 2.0
10906285 -115.437 32.768 8.94 1.1
10907717 -115.465 32.807 9.17 1.6
10913469 -115.438 32.768 10.16 1.6
14962428 -115.439 32.777 9.75 1.7
14962604 -115.602 32.835 10.32 1.7
14962652 -115.439 32.776 9.67 1.6
10937261 -115.504 32.755 10.13 1.7
14988132 -115.423 32.750 10.32 1.9
14988292 -115.402 32.707 11.60 1.6
14993068 -115.443 32.774 9.46 2.0
14997844 -115.504 32.760 10.80 2.0
15001668 -115.465 32.809 9.05 1.4
15001716 -115.465 32.808 9.19 1.9
15001812 -115.464 32.807 9.29 1.8
10961133 -115.435 32.766 9.49 1.8
10961717 -115.440 32.778 9.34 2.5
10961725 -115.439 32.777 9.46 1.7
10961813 -115.440 32.777 9.17 1.4
15009188 -115.469 32.814 9.30 1.8
15009444 -115.468 32.813 9.32 2.0
15009452 -115.468 32.813 9.27 1.9
15017612 -115.462 32.811 8.80 2.2
15017620 -115.461 32.808 8.78 1.9
15017636 -115.464 32.813 9.34 3.0
15017652 -115.464 32.814 8.97 1.6
15017660 -115.460 32.808 9.03 1.8
15017668 -115.464 32.815 8.94 1.9
15017676 -115.459 32.806 8.99 1.8
15017684 -115.465 32.816 8.79 2.3
15017700 -115.466 32.815 9.41 1.4
15017732 -115.458 32.805 8.94 1.5
15017748 -115.465 32.816 9.30 1.5
15017740 -115.466 32.816 9.07 2.0
15017756 -115.458 32.804 8.82 2.4
15017764 -115.459 32.807 9.08 2.8
15017772 -115.458 32.804 8.91 1.9
15017788 -115.459 32.804 8.72 1.4
15017796 -115.459 32.807 8.87 1.7
15017804 -115.458 32.805 8.83 1.8
15017812 -115.456 32.803 9.21 1.3
15017820 -115.456 32.802 8.87 1.4
15017876 -115.464 32.811 9.52 1.5
15017892 -115.456 32.801 8.84 2.7
15017900 -115.455 32.800 8.94 1.6
15017908 -115.454 32.800 9.02 2.0
15017916 -115.454 32.799 9.00 1.6
15017956 -115.457 32.803 9.26 1.5
15018028 -115.456 32.802 9.21 1.6
15018404 -115.458 32.804 9.09 2.3
15018420 -115.457 32.802 8.96 1.4
15018412 -115.458 32.805 8.94 3.0
15018428 -115.456 32.802 9.24 1.7
15018468 -115.462 32.808 9.31 1.8
15019044 -115.445 32.787 9.98 1.3
15021532 -115.432 32.769 10.12 1.4
15021772 -115.432 32.770 10.34 1.1
10980469 -115.524 32.783 11.34 2.1
10981301 -115.463 32.817 9.59 1.2
10985701 -115.443 32.784 10.47 1.2
10986085 -115.451 32.787 9.10 1.6
10990253 -115.432 32.769 9.95 1.6
10990261 -115.432 32.769 10.02 1.8
10990285 -115.430 32.766 10.21 1.4
10990365 -115.430 32.765 10.36 3.0
37005119 -115.434 32.773 9.57 1.1
10990501 -115.435 32.775 9.45 2.8
10990509 -115.434 32.774 9.42 1.5
10990517 -115.434 32.772 9.71 1.4
10990541 -115.432 32.769 9.60 2.4
10990549 -115.428 32.762 10.41 2.1
10990589 -115.433 32.770 9.76 1.8
10990645 -115.436 32.776 9.20 2.5
10990653 -115.436 32.775 9.98 2.4
37005127 -115.434 32.773 9.92 2.1
10990973 -115.433 32.771 9.62 1.5
10991725 -115.437 32.777 9.28 2.1
10991741 -115.437 32.777 9.57 2.4
10991749 -115.438 32.778 9.55 1.8
10991757 -115.436 32.775 9.53 1.6
10991765 -115.438 32.778 9.10 2.1
10991781 -115.439 32.779 9.50 2.5
15062452 -115.423 32.748 10.96 2.2
15062460 -115.423 32.749 11.01 1.8
15062468 -115.424 32.750 11.04 1.6
15062476 -115.423 32.748 11.02 1.8
11022717 -115.569 32.802 11.61 1.4
11034309 -115.534 32.785 11.14 1.6
11035149 -115.431 32.777 10.95 1.8
11036141 -115.444 32.786 9.54 1.4
11036149 -115.444 32.785 9.43 2.4
11036157 -115.444 32.785 9.43 1.6
11036165 -115.445 32.787 9.46 2.4
11036173 -115.446 32.788 9.51 1.3
11036189 -115.443 32.784 9.59 1.5
11036181 -115.443 32.784 9.15 1.4
11036221 -115.447 32.790 9.10 1.6
11036261 -115.447 32.790 10.16 1.6
11036269 -115.448 32.792 9.00 1.8
11036277 -115.323 32.724 15.95 2.1
11036285 -115.450 32.792 9.58 2.4
11036293 -115.448 32.791 8.94 1.9
11036301 -115.446 32.789 8.90 1.9
11036309 -115.448 32.792 8.39 2.1
11036357 -115.450 32.795 9.08 1.5
15079444 -115.451 32.795 8.90 2.0
15079460 -115.451 32.795 9.02 1.6
15079484 -115.451 32.795 9.07 1.6
15079564 -115.452 32.797 8.90 1.6
15080060 -115.424 32.756 10.88 1.2
15084580 -115.471 32.813 8.34 1.6
11045221 -115.408 32.728 11.10 1.5
11047117 -115.419 32.742 10.62 1.9
11048269 -115.605 32.836 10.26 1.6
11048277 -115.605 32.835 10.21 1.7
11048469 -115.605 32.837 10.25 1.3
15099020 -115.695 32.821 11.71 1.6
11057973 -115.592 32.828 10.47 1.6
15103316 -115.448 32.793 8.45 1.3
37015919 -115.463 32.805 9.25 1.1
15105124 -115.462 32.805 9.18 1.5
11086826 -115.433 32.762 10.40 1.6
11101890 -115.453 32.798 9.21 1.5
15147449 -115.442 32.794 9.90 1.7
15148801 -115.436 32.771 8.71 1.9
15148825 -115.433 32.765 8.85 1.9
37072476 -115.433 32.766 8.78 1.7
15148841 -115.432 32.766 9.15 1.7
15148849 -115.433 32.766 9.04 2.4
37072636 -115.434 32.768 8.80 2.2
15148889 -115.432 32.765 9.30 2.0
15148897 -115.430 32.763 9.15 2.4
15148913 -115.429 32.761 9.20 1.9
15148961 -115.428 32.759 9.02 1.6
15151369 -115.448 32.784 8.90 1.9
15151537 -115.448 32.785 8.71 2.0
15151905 -115.446 32.782 8.71 1.5
15153305 -115.428 32.770 10.59 1.3
15163169 -115.449 32.788 9.75 1.5
15165465 -115.505 32.755 10.03 1.4
11129234 -115.448 32.784 8.95 2.0
15177905 -115.428 32.752 9.17 1.8
15178049 -115.441 32.770 10.03 1.7
15178057 -115.440 32.770 9.92 1.7
15178521 -115.504 32.754 10.01 1.8
15178529 -115.503 32.753 10.05 2.1
15180321 -115.440 32.771 9.48 1.5
15180601 -115.520 32.769 9.79 1.5
15181217 -115.469 32.822 8.63 1.6
15185265 -115.432 32.760 10.58 1.8
15187057 -115.447 32.783 8.75 3.3
15187065 -115.448 32.784 8.88 1.6
15187761 -115.447 32.782 9.48 1.6
15190889 -115.600 32.835 10.51 1.3
15193057 -115.429 32.758 9.95 1.7
15193065 -115.428 32.758 10.21 1.8
15193777 -115.424 32.745 9.09 1.4
37090596 -115.429 32.771 10.35 0.9
15222697 -115.428 32.759 9.82 1.5
15224689 -115.500 32.755 10.21 2.9
15224945 -115.500 32.755 10.12 1.7
15229137 -115.536 32.790 10.59 1.2
15235545 -115.426 32.753 10.69 2.6
15236865 -115.427 32.755 10.66 1.8
15239569 -115.450 32.794 9.65 1.7
15241289 -115.578 32.793 8.02 1.9
15241745 -115.424 32.752 10.18 1.8
15241761 -115.424 32.751 10.34 1.8
11207530 -115.467 32.818 9.68 1.7
11207538 -115.467 32.817 9.37 2.1
37104043 -115.468 32.819 9.54 2.1
37104051 -115.466 32.816 9.23 2.0
11207546 -115.467 32.818 9.41 2.8
11207554 -115.468 32.819 9.47 2.0
11207626 -115.417 32.739 10.56 1.6
15253849 -115.410 32.732 10.94 1.8
15256737 -115.429 32.751 8.55 1.9
15264313 -115.540 32.792 11.16 1.7
15264329 -115.541 32.790 10.52 1.8
15264337 -115.541 32.790 10.60 1.7
15264345 -115.540 32.789 10.68 3.6
15264369 -115.540 32.790 10.99 1.7
15264385 -115.544 32.793 10.84 1.5
15264393 -115.548 32.797 10.78 1.8
15268753 -115.422 32.748 10.26 1.5
15270785 -115.485 32.745 8.74 1.6
15274705 -115.490 32.753 10.23 1.9
15279529 -115.451 32.783 7.96 1.6
37106300 -115.432 32.763 9.75 1.6
15280993 -115.466 32.812 9.58 1.2
11243106 -115.602 32.838 10.76 1.6
11243114 -115.602 32.838 10.75 1.3
11246698 -115.421 32.753 10.98 1.8
11249498 -115.459 32.813 9.54 1.7
11249514 -115.459 32.814 9.53 2.3
15295353 -115.539 32.787 10.73 1.6
15295633 -115.471 32.817 9.52 1.2
15309817 -115.437 32.768 9.38 1.5
15309833 -115.437 32.769 9.29 2.2
37110236 -115.447 32.787 9.84 1.1
11279450 -115.607 32.838 10.33 1.5
11279602 -115.607 32.838 10.33 2.0
11281282 -115.572 32.803 11.46 1.7
15332993 -115.442 32.772 9.78 1.9
15333001 -115.442 32.772 9.90 1.6
15333009 -115.442 32.772 9.80 2.3
15333881 -115.438 32.730 7.85 1.3
15334345 -115.621 32.747 11.56 1.6
15335777 -115.470 32.815 8.16 1.6
15337769 -115.428 32.762 10.92 1.6
15341249 -115.470 32.816 9.36 1.4
15346089 -115.568 32.802 11.65 1.3
11322338 -115.437 32.768 9.58 1.6
11322354 -115.437 32.768 9.54 1.6
11325978 -115.425 32.750 11.00 1.5
11329850 -115.425 32.751 10.88 1.8
11331186 -115.424 32.750 10.79 1.6
11333898 -115.438 32.778 9.95 1.4
11338898 -115.525 32.783 11.30 2.4
11338914 -115.524 32.782 11.41 1.4
11339122 -115.526 32.783 11.11 1.6
11341994 -115.538 32.783 10.22 1.4
15394937 -115.424 32.750 10.96 1.9
15395081 -115.446 32.782 8.33 1.3
15396769 -115.443 32.774 9.32 1.6
15398921 -115.551 32.720 12.96 1.3
11367610 -115.420 32.756 10.51 1.7
11376922 -115.385 32.692 11.69 1.9
11389146 -115.467 32.824 8.65 1.6
11389154 -115.467 32.824 8.52 2.0
11389162 -115.470 32.834 8.53 1.3
11390674 -115.568 32.802 11.66 1.2
11397386 -115.538 32.784 10.26 1.6
15442353 -115.499 32.750 9.51 2.8
15442361 -115.500 32.751 9.70 1.7
15442369 -115.499 32.749 9.45 1.5
15442401 -115.499 32.749 9.46 2.1
15442409 -115.499 32.749 9.51 2.2
15442425 -115.485 32.726 10.14 1.7
15442441 -115.485 32.726 10.21 1.5
15442449 -115.485 32.726 10.27 1.4
15442457 -115.485 32.726 10.29 1.6
15442465 -115.485 32.726 10.29 1.4
11410098 -115.582 32.822 10.89 1.8
11410386 -115.583 32.822 10.82 1.4
11412498 -115.455 32.806 8.70 1.7
11422970 -115.540 32.786 10.29 1.6
15466153 -115.546 32.794 10.67 1.5
15466161 -115.546 32.794 10.60 1.7
15467425 -115.466 32.811 9.05 1.8
15467433 -115.467 32.811 9.05 1.2
15467441 -115.466 32.810 9.24 1.5
15468017 -115.425 32.757 10.69 1.7
15472505 -115.446 32.789 9.14 1.8
15472521 -115.447 32.790 9.09 1.9
15472529 -115.446 32.789 9.34 1.6
15472537 -115.446 32.789 9.24 2.0
15472545 -115.446 32.788 9.31 1.8
15472553 -115.446 32.789 9.36 2.5
15472921 -115.443 32.784 9.18 1.6
37177021 -115.444 32.785 9.09 1.4
15474729 -115.601 32.835 10.46 1.9
15480209 -115.421 32.745 10.92 1.6
15481553 -115.532 32.703 7.23 1.8
15482785 -115.531 32.704 6.88 1.6
15485129 -115.424 32.749 11.12 1.6
37211792 -115.470 32.812 8.42 1.7
37214272 -115.526 32.700 5.22 1.8
37215568 -115.450 32.801 9.25 1.5
15500385 -115.446 32.785 10.32 2.1
15511465 -115.462 32.811 8.70 2.5
15511481 -115.465 32.816 9.06 2.0
15511497 -115.465 32.816 9.17 1.7
15511489 -115.464 32.815 9.09 2.6
15511585 -115.462 32.810 9.03 2.4
37236080 -115.476 32.744 9.48 1.5
37236152 -115.475 32.742 9.46 1.8
37236208 -115.442 32.775 8.89 2.0
37236216 -115.442 32.774 8.93 1.9
37236328 -115.476 32.744 9.58 1.6
37236528 -115.452 32.801 8.64 1.2
37236536 -115.453 32.801 8.71 1.7
37127060 -115.477 32.742 8.76 0.9
37237224 -115.472 32.741 9.34 1.6
15519265 -115.595 32.828 10.44 1.9
15520161 -115.455 32.800 9.09 1.8
15525385 -115.601 32.827 10.02 1.3
15525817 -115.590 32.824 10.44 1.0
37248656 -115.542 32.794 10.97 1.5
37249256 -115.503 32.754 10.13 1.7
15530337 -115.440 32.771 9.49 1.1
37206381 -115.440 32.771 9.46 1.0
15535729 -115.444 32.777 9.36 1.5
15535985 -115.444 32.778 9.35 1.8
15536001 -115.444 32.777 9.30 1.3
15536049 -115.443 32.774 9.48 2.3
15536089 -115.444 32.777 9.31 2.0
15536769 -115.597 32.826 10.45 1.3
15536785 -115.597 32.826 10.45 1.2
37259648 -115.438 32.779 9.08 1.4
37208861 -115.438 32.779 9.12 1.2
37259960 -115.452 32.790 9.11 1.1
37262864 -115.430 32.766 10.22 1.7
37263360 -115.431 32.767 10.07 1.7
37263368 -115.431 32.768 10.04 1.9
37263616 -115.431 32.769 9.78 2.5
37263640 -115.432 32.769 10.03 2.5
37263648 -115.433 32.770 10.04 1.7
37263664 -115.435 32.773 9.90 1.6
37263688 -115.434 32.771 9.81 1.1
37263720 -115.434 32.772 9.77 1.8
37263752 -115.435 32.773 9.74 1.4
37264320 -115.432 32.769 9.90 1.1
37264616 -115.443 32.775 9.27 1.3
37127356 -115.443 32.774 9.18 1.6
37266088 -115.514 32.761 9.57 1.2
37268248 -115.467 32.823 9.34 1.0
37268280 -115.466 32.823 9.34 1.4
37268928 -115.559 32.807 10.96 1.2
37268952 -115.429 32.757 10.63 1.4
37043671 -115.521 32.769 9.84 1.3
37043679 -115.521 32.770 9.86 1.5
37047935 -115.413 32.731 11.00 1.8
37283080 -115.570 32.801 11.55 1.7
37283096 -115.571 32.802 11.57 1.0
37283272 -115.573 32.803 11.51 1.4
37283336 -115.572 32.804 11.63 1.4
37284496 -115.404 32.724 11.02 2.2
37284536 -115.403 32.723 11.04 1.6
37285272 -115.463 32.810 7.77 1.9
37286784 -115.584 32.825 11.11 2.0
37063031 -115.427 32.753 10.87 1.3
37065831 -115.438 32.766 7.34 1.5
37068087 -115.434 32.769 8.92 1.3
37297600 -115.605 32.836 10.33 1.1
37299000 -115.420 32.751 11.02 1.7
37299744 -115.591 32.828 10.52 1.5
37300888 -115.464 32.807 9.19 1.1
37303048 -115.576 32.816 11.39 1.7
37233229 -115.574 32.806 11.28 1.6
37303880 -115.464 32.818 9.02 1.4
37306760 -115.424 32.751 10.24 1.9
37308784 -115.438 32.769 8.50 1.7
37308912 -115.435 32.763 8.62 1.1
37309496 -115.452 32.797 9.23 1.6
37309520 -115.452 32.796 9.22 1.9
37309696 -115.451 32.796 8.85 1.6
37309704 -115.451 32.796 9.02 1.2
37309720 -115.452 32.797 8.94 1.4
37309728 -115.452 32.797 8.87 1.6
37234181 -115.452 32.797 8.93 1.6
37309736 -115.453 32.798 8.90 1.7
37309744 -115.453 32.798 9.05 1.8
37309760 -115.451 32.795 9.07 1.0
37309768 -115.451 32.796 9.29 3.2
37309776 -115.454 32.799 8.83 2.2
37309784 -115.454 32.799 9.07 2.1
37309800 -115.450 32.794 9.03 2.4
37310040 -115.455 32.801 9.20 1.7
37311984 -115.459 32.807 9.04 2.0
37312064 -115.459 32.807 8.88 1.5
37312072 -115.459 32.806 9.09 2.4
37312120 -115.458 32.804 9.26 1.8
37312264 -115.456 32.802 9.11 1.5
37312272 -115.457 32.803 9.10 2.2
37315520 -115.438 32.769 9.45 2.0
37317856 -115.424 32.748 11.15 1.5
37099927 -115.519 32.769 10.08 2.3
37109591 -115.434 32.765 9.54 1.9
37339384 -115.499 32.755 9.83 1.9
37340304 -115.558 32.806 10.90 1.2
37340296 -115.558 32.806 10.91 1.7
37348368 -115.428 32.759 10.07 1.7
37351608 -115.550 32.793 8.58 1.9
37354136 -115.437 32.776 9.62 1.5
37148975 -115.548 32.793 10.05 1.1
37149071 -115.547 32.793 10.08 1.4
37149119 -115.548 32.794 10.30 1.6
37149415 -115.548 32.795 10.41 1.3
37150551 -115.452 32.790 9.17 1.3
37378600 -115.404 32.728 10.76 1.9
37379672 -115.465 32.808 9.19 1.4
37131836 -115.465 32.808 9.14 1.9
37379824 -115.465 32.808 9.06 1.6
37379928 -115.466 32.809 9.12 1.5
37380400 -115.462 32.804 9.21 2.0
37380488 -115.440 32.778 9.59 1.6
37380496 -115.440 32.778 9.62 1.7
37380560 -115.461 32.803 9.43 1.9
37165583 -115.421 32.745 11.06 1.6
37165999 -115.530 32.781 11.26 1.8
37387824 -115.453 32.790 9.09 1.2
37387840 -115.453 32.790 9.06 1.8
37390872 -115.603 32.836 10.32 1.2
37393664 -115.536 32.786 11.03 1.3
37396480 -115.429 32.760 9.90 1.5
37396688 -115.434 32.768 8.68 1.5
37396704 -115.434 32.768 8.79 1.4
37397224 -115.449 32.785 9.62 1.5
37399696 -115.601 32.835 10.50 1.3
37399728 -115.601 32.835 10.50 1.8
37399768 -115.600 32.835 10.51 2.4
37399776 -115.600 32.835 10.58 1.3
37399984 -115.602 32.836 10.45 1.9
37400024 -115.601 32.836 10.56 1.8
37400048 -115.602 32.835 10.41 1.6
37400136 -115.603 32.837 10.51 1.8
37404584 -115.483 32.737 9.42 1.4
37407504 -115.550 32.791 9.55 1.7
37192951 -115.496 32.753 8.81 1.5
37207271 -115.442 32.773 9.49 1.8
37207279 -115.442 32.773 9.42 2.1
37207295 -115.441 32.772 9.44 1.9
37208087 -115.488 32.750 9.63 1.4
37209751 -115.387 32.696 12.23 2.2
37211847 -115.451 32.791 9.76 1.1
37212095 -115.460 32.714 7.23 2.0
37212135 -115.460 32.714 7.29 1.6
37212975 -115.425 32.751 10.94 1.8
37222919 -115.589 32.826 10.48 0.8
37222935 -115.590 32.826 10.43 1.0
37224911 -115.548 32.789 9.66 1.3
37228071 -115.590 32.827 10.38 0.9
37228119 -115.591 32.827 10.34 0.9
37228135 -115.591 32.827 10.38 0.8
37263101 -115.590 32.827 10.44 1.2
37234775 -115.435 32.763 9.43 1.8
37234823 -115.435 32.762 9.38 2.0
37234839 -115.435 32.762 9.31 1.6
37237935 -115.453 32.798 8.58 2.1
37241895 -115.606 32.836 10.20 1.2
37245487 -115.559 32.807 10.93 1.4
37245775 -115.450 32.786 9.08 1.5
37246047 -115.464 32.819 9.28 1.8
37246055 -115.463 32.817 9.21 1.3
37246079 -115.465 32.821 8.90 1.0
37251919 -115.418 32.742 10.21 1.6
37252727 -115.427 32.762 10.82 1.6
37252831 -115.445 32.775 9.52 1.6
37474336 -115.439 32.771 9.16 1.0
37262815 -115.620 32.749 12.78 1.6
37264031 -115.455 32.806 9.09 1.5
37485120 -115.557 32.801 10.09 1.3
37279239 -115.435 32.780 9.70 1.4
37280167 -115.434 32.777 9.62 1.7
37280183 -115.434 32.778 9.62 1.8
37280535 -115.433 32.776 9.41 2.5
37280543 -115.436 32.780 9.34 2.5
37280551 -115.434 32.777 9.39 1.3
37280575 -115.431 32.775 10.02 1.5
37280583 -115.437 32.781 9.18 1.6
37280647 -115.441 32.785 9.12 1.3
37280671 -115.431 32.775 9.97 1.5
37280719 -115.431 32.774 9.97 2.5
37280735 -115.442 32.787 9.17 1.8
37280751 -115.443 32.788 9.00 1.9
37280831 -115.431 32.774 9.66 1.6
37498512 -115.430 32.772 10.19 1.7
37499312 -115.579 32.819 11.12 1.6
37499320 -115.579 32.819 11.09 1.3
37500032 -115.544 32.786 9.64 2.0
37501472 -115.440 32.790 9.86 1.5
37505520 -115.448 32.784 9.10 2.7
37506280 -115.425 32.750 11.08 2.3
37510016 -115.594 32.829 10.46 2.0
37295967 -115.480 32.826 7.06 1.5
37522424 -115.469 32.815 9.15 1.2
37522432 -115.470 32.816 9.39 2.0
37315247 -115.591 32.827 10.57 1.8
37323791 -115.425 32.751 10.72 1.4
37323831 -115.506 32.761 10.65 1.4
37549576 -115.423 32.755 10.86 1.7
37550712 -115.430 32.757 10.81 2.4
37551088 -115.398 32.718 11.07 2.1
37138892 -115.398 32.716 11.35 2.2
37551240 -115.590 32.829 10.79 1.4
37551568 -115.587 32.823 10.26 1.5
37551576 -115.588 32.823 10.15 1.7
37551584 -115.588 32.823 10.21 1.9
37551616 -115.588 32.824 10.47 1.2
37335119 -115.592 32.829 10.49 3.4
37335135 -115.594 32.829 10.42 1.6
37335143 -115.589 32.829 10.73 1.1
37335183 -115.590 32.827 10.62 1.4
37335335 -115.590 32.827 10.54 2.4
37335343 -115.591 32.828 10.34 1.3
37335383 -115.590 32.827 10.43 1.5
37335399 -115.588 32.826 10.62 1.9
37336071 -115.587 32.824 10.43 1.4
37336103 -115.568 32.802 11.69 1.2
37336167 -115.595 32.828 10.33 2.2
37336559 -115.386 32.695 12.27 1.9
37336727 -115.605 32.833 9.90 1.4
37336735 -115.605 32.833 9.89 1.4
37338487 -115.417 32.740 11.19 1.3
37339247 -115.435 32.766 9.62 1.7
37562456 -115.591 32.826 10.18 1.8
37562464 -115.591 32.825 10.12 1.7
37140172 -115.591 32.825 10.09 1.8
37562472 -115.590 32.824 10.10 2.2
37562480 -115.588 32.824 10.38 1.8
37562488 -115.588 32.825 10.45 2.1
37140164 -115.588 32.824 10.40 1.9
37562496 -115.590 32.826 10.20 2.1
37562504 -115.590 32.826 10.42 2.0
37562512 -115.592 32.827 10.45 1.6
37562520 -115.588 32.824 10.24 1.4
37562528 -115.586 32.823 10.46 1.6
37562544 -115.587 32.823 10.31 1.4
37562536 -115.585 32.822 10.42 2.6
37562552 -115.588 32.825 10.36 1.5
37563568 -115.585 32.823 10.80 1.6
37563576 -115.586 32.824 10.73 1.8
37563952 -115.582 32.821 10.96 1.7
37563960 -115.583 32.822 10.89 1.6
37563968 -115.584 32.820 10.44 1.2
37564120 -115.586 32.825 10.75 2.9
37564264 -115.585 32.824 10.76 1.5
37564272 -115.586 32.826 10.79 1.5
37564448 -115.585 32.825 10.79 1.4
37564680 -115.585 32.826 10.88 1.7
37564928 -115.586 32.823 10.94 1.7
37565080 -115.586 32.825 10.82 1.4
37565240 -115.589 32.827 10.66 1.0
37565392 -115.586 32.825 10.75 1.3
37566080 -115.425 32.750 11.02 1.5
37567656 -115.587 32.823 10.25 1.6
37567664 -115.588 32.823 10.25 1.6
37567880 -115.459 32.812 8.95 2.5
37140492 -115.457 32.809 9.11 2.0
37567920 -115.458 32.811 9.05 1.8
37567952 -115.460 32.813 8.72 1.7
37568312 -115.461 32.814 8.83 1.6
37568448 -115.461 32.815 8.93 1.9
37568576 -115.461 32.815 9.17 1.7
37568584 -115.460 32.814 9.03 1.6
37568600 -115.462 32.816 8.85 1.7
37568624 -115.463 32.817 9.01 1.9
37568632 -115.462 32.817 8.85 1.8
37568640 -115.462 32.816 8.69 1.8
37568648 -115.462 32.816 9.05 1.8
37568656 -115.461 32.815 8.96 2.0
37568680 -115.460 32.814 9.10 1.6
37140524 -115.461 32.815 9.03 1.3
37140532 -115.460 32.814 9.57 1.6
37568704 -115.460 32.814 9.57 1.9
37568720 -115.459 32.812 8.82 1.7
37568736 -115.465 32.821 8.60 2.1
37568792 -115.466 32.822 8.54 1.4
37569256 -115.469 32.813 7.15 1.9
37573056 -115.440 32.771 9.79 1.7
37573808 -115.452 32.791 9.09 2.1
37573904 -115.452 32.791 9.04 2.3
37573920 -115.450 32.790 9.12 1.6
37573944 -115.451 32.791 9.08 2.8
37574088 -115.451 32.791 8.95 1.4
37574240 -115.506 32.759 9.83 1.5
37574920 -115.451 32.791 9.02 1.5
37140716 -115.442 32.789 9.29 1.6
37574928 -115.442 32.789 9.49 1.5
37574960 -115.442 32.790 9.27 2.1
37575328 -115.443 32.791 9.22 1.7
37140804 -115.443 32.791 9.13 1.5
37576080 -115.444 32.786 9.41 1.6
37576088 -115.444 32.786 9.44 1.7
37577864 -115.451 32.793 9.14 1.2
37578104 -115.451 32.792 9.08 1.2
37579160 -115.450 32.790 9.71 1.5
37367215 -115.450 32.789 9.64 1.4
37367823 -115.450 32.790 9.81 1.6
37367831 -115.449 32.789 9.76 1.4
37367895 -115.450 32.790 9.69 2.7
37367911 -115.451 32.790 9.61 1.2
37367967 -115.451 32.791 9.77 1.5
37368031 -115.451 32.791 9.79 1.4
37370783 -115.452 32.792 9.60 1.4
37372455 -115.533 32.780 10.35 2.1
37372463 -115.534 32.780 10.35 1.6
37389031 -115.471 32.817 9.40 1.9
37391759 -115.605 32.839 10.71 1.3
37611424 -115.534 32.786 11.22 1.5
37617528 -115.625 32.754 12.25 1.5
37618752 -115.604 32.837 10.52 1.2
37619504 -115.538 32.786 11.00 1.5
37411023 -115.451 32.705 9.19 1.7
37411855 -115.419 32.731 11.04 1.4
37418239 -115.582 32.820 10.68 1.3
37419199 -115.467 32.812 9.11 1.3
37640120 -115.449 32.794 9.65 1.2
37438319 -115.610 32.839 10.24 1.2
37441927 -115.378 32.687 12.91 1.5
37381437 -115.377 32.686 12.96 1.4
37445807 -115.447 32.780 9.36 2.4
37445815 -115.447 32.781 9.38 1.5
37445823 -115.447 32.780 9.46 1.8
37144692 -115.446 32.780 9.25 1.2
37445863 -115.448 32.782 9.33 1.3
37445879 -115.446 32.781 9.17 1.9
37666256 -115.415 32.724 11.71 1.8
37474463 -115.410 32.732 11.00 1.5
37475567 -115.570 32.802 11.03 1.1
37475607 -115.454 32.800 9.09 1.4
37475623 -115.454 32.800 9.12 0.9
37475631 -115.454 32.800 9.07 1.9
37475671 -115.571 32.802 10.98 1.2
37475695 -115.539 32.785 10.93 1.4
37475735 -115.538 32.785 10.98 1.4
37475743 -115.538 32.785 11.01 1.1
37475775 -115.455 32.800 9.15 1.2
37476111 -115.454 32.799 9.12 1.7
37476207 -115.455 32.801 9.31 1.5
37476743 -115.454 32.800 8.94 1.7
37696368 -115.448 32.782 9.48 1.4
37718040 -115.474 32.837 8.65 1.5
37718272 -115.469 32.827 8.67 1.8
37718280 -115.468 32.826 8.68 2.0
37517799 -115.425 32.753 10.17 1.6
37742016 -115.452 32.804 9.15 1.4
37747904 -115.427 32.761 10.63 1.3
37748800 -115.425 32.757 10.66 1.6
37748808 -115.424 32.757 10.59 1.5
37748976 -115.425 32.758 10.47 2.4
37748984 -115.423 32.755 10.74 2.3
37749016 -115.422 32.754 10.77 2.0
37749048 -115.421 32.752 10.64 1.8
37749912 -115.421 32.751 10.99 2.2
37749920 -115.422 32.755 11.20 3.4
37386117 -115.421 32.751 11.14 1.7
37749944 -115.432 32.769 10.15 1.4
37749952 -115.421 32.752 11.09 1.8
37749960 -115.420 32.750 11.16 1.7
37749976 -115.421 32.751 10.97 2.0
37386133 -115.430 32.767 10.30 1.0
37749984 -115.421 32.750 10.99 1.3
37750000 -115.421 32.750 11.03 1.8
37386141 -115.427 32.762 9.96 1.3
37750024 -115.426 32.762 9.96 1.9
37750040 -115.421 32.751 11.05 2.3
37750152 -115.420 32.749 11.11 1.5
37750304 -115.433 32.770 9.00 1.3
37386149 -115.435 32.772 9.65 1.2
37750352 -115.435 32.773 9.70 1.5
37750520 -115.443 32.785 9.68 2.1
37750624 -115.445 32.787 9.32 1.8
37750656 -115.434 32.773 9.98 1.6
37750808 -115.432 32.771 9.53 2.9
37750816 -115.432 32.769 9.95 1.9
37750824 -115.433 32.772 9.53 2.8
37750832 -115.433 32.772 9.55 2.5
37750840 -115.434 32.773 9.58 2.2
37750864 -115.434 32.773 9.61 2.1
37750872 -115.435 32.773 9.68 1.9
37750896 -115.434 32.774 9.52 2.0
37750904 -115.430 32.763 9.10 1.8
37386173 -115.432 32.765 8.95 1.3
37750912 -115.431 32.765 9.04 1.6
37750920 -115.433 32.765 8.66 1.9
37750928 -115.430 32.763 9.13 3.1
37750936 -115.433 32.766 8.93 2.7
37750944 -115.433 32.768 8.83 2.5
37750952 -115.434 32.766 8.44 2.1
37750960 -115.429 32.761 9.25 2.3
37750968 -115.433 32.768 9.08 1.7
37750976 -115.430 32.762 9.40 1.6
37751424 -115.436 32.775 9.28 2.9
37751432 -115.437 32.777 9.56 2.3
37751440 -115.439 32.779 9.48 2.2
37751448 -115.438 32.779 9.45 2.7
37148804 -115.437 32.777 9.19 1.8
37751608 -115.435 32.774 9.85 1.4
37751920 -115.434 32.773 9.77 1.3
37537775 -115.473 32.819 9.48 1.2
37541703 -115.419 32.743 10.16 2.2
37760488 -115.696 32.818 12.27 1.2
37762904 -115.526 32.775 10.48 1.4
37764560 -115.475 32.833 8.37 1.2
37765096 -115.532 32.782 11.16 1.1
37769648 -115.464 32.807 9.19 1.4
37771608 -115.460 32.802 9.12 1.8
37778824 -115.559 32.807 10.91 1.3
37567823 -115.476 32.834 8.65 1.5
37568631 -115.435 32.753 9.34 1.3
37575607 -115.570 32.802 11.56 1.1
37577559 -115.409 32.728 9.61 1.4
37577679 -115.409 32.728 9.60 1.4
37580367 -115.464 32.813 9.21 1.7
37585319 -115.468 32.813 9.14 1.4
37811896 -115.603 32.826 9.59 1.6
37812224 -115.476 32.722 7.98 2.3
37817624 -115.449 32.784 9.54 1.5
37390789 -115.449 32.784 9.56 1.3
37817640 -115.449 32.785 9.56 1.5
37820560 -115.391 32.701 11.54 1.9
37822344 -115.470 32.811 8.34 1.6
37822352 -115.470 32.811 8.28 1.8
37822360 -115.470 32.812 8.27 1.5
37822368 -115.471 32.813 8.26 1.6
37826896 -115.449 32.793 9.24 2.3
37826960 -115.447 32.790 9.30 1.4
37826968 -115.447 32.790 9.18 1.7
37827280 -115.446 32.789 9.19 1.7
37827392 -115.448 32.790 9.59 1.8
37827456 -115.447 32.790 9.58 1.7
37827552 -115.446 32.788 9.10 2.2
37827560 -115.446 32.790 9.38 2.5
37827568 -115.447 32.790 9.15 1.6
37827576 -115.448 32.791 9.28 1.9
37827584 -115.447 32.789 9.51 2.2
37827608 -115.446 32.788 8.95 1.9
37827624 -115.448 32.790 9.41 1.7
37827664 -115.445 32.786 9.08 2.4
37827688 -115.446 32.789 9.28 1.6
37152980 -115.445 32.786 8.96 1.3
37827752 -115.448 32.793 9.09 1.4
37827768 -115.444 32.786 9.38 2.5
37152972 -115.447 32.791 8.49 1.6
37827776 -115.447 32.791 8.57 1.5
37827928 -115.444 32.786 9.01 1.9
37830592 -115.433 32.761 10.89 1.5
37830696 -115.444 32.776 9.68 1.4
37606719 -115.411 32.754 10.26 1.8
37606903 -115.410 32.753 10.21 1.2
37855592 -115.439 32.770 9.63 2.6
37859920 -115.439 32.770 9.50 1.3
37157284 -115.439 32.770 9.52 1.1
37638263 -115.551 32.717 12.27 2.1
37638271 -115.552 32.718 12.17 1.7
37157924 -115.551 32.718 12.09 1.5
37643711 -115.450 32.799 9.09 1.2
37646495 -115.604 32.837 10.41 1.3
37646503 -115.604 32.836 10.40 1.9
37646511 -115.604 32.837 10.36 1.3
37646567 -115.604 32.836 10.40 1.6
37646575 -115.605 32.837 10.33 2.1
37646591 -115.603 32.837 10.33 3.0
37646599 -115.603 32.836 10.34 2.0
37646607 -115.603 32.836 10.37 2.1
37646615 -115.606 32.836 10.24 2.1
37646623 -115.606 32.836 10.23 1.2
37646631 -115.606 32.836 10.13 1.5
37646663 -115.607 32.838 10.31 1.1
37646687 -115.602 32.836 10.43 1.8
37646887 -115.609 32.839 10.27 2.1
37647063 -115.607 32.839 10.52 1.4
37647095 -115.606 32.839 10.54 1.2
37647103 -115.606 32.835 10.12 1.2
37647191 -115.605 32.839 10.64 1.5
37654903 -115.531 32.782 11.30 1.4
37656655 -115.475 32.733 9.64 1.2
37657967 -115.475 32.733 9.65 1.3
37394437 -115.475 32.732 9.66 1.1
37658815 -115.476 32.729 9.34 1.3
37660639 -115.474 32.734 9.42 1.1
37661415 -115.431 32.760 10.47 1.5
37662887 -115.602 32.831 9.96 1.3
37394773 -115.602 32.831 9.99 1.1
37663383 -115.469 32.832 8.28 1.4
37924296 -115.423 32.748 10.94 2.2
37924304 -115.423 32.748 10.91 1.8
37925224 -115.394 32.717 10.63 1.5
37928240 -115.460 32.808 9.40 1.2
37928592 -115.459 32.806 9.36 1.1
37703999 -115.432 32.761 10.42 1.7
37704007 -115.432 32.762 10.38 1.7
37704015 -115.433 32.762 10.36 1.7
37704023 -115.432 32.762 10.33 1.8
37710783 -115.475 32.834 8.62 1.4
37726847 -115.467 32.818 9.13 1.6
37726871 -115.467 32.818 9.47 1.2
37163204 -115.468 32.818 9.22 1.2
37726879 -115.467 32.817 9.18 1.5
37726895 -115.466 32.817 9.20 3.0
37726975 -115.468 32.820 9.21 1.3
37726983 -115.466 32.817 9.39 1.4
37727007 -115.467 32.818 9.25 3.0
37727015 -115.468 32.820 8.90 1.7
37163212 -115.467 32.819 9.05 1.0
37727031 -115.469 32.821 8.94 1.5
37727039 -115.469 32.821 8.90 1.5
37727047 -115.469 32.821 8.89 1.9
37727055 -115.469 32.822 8.96 1.5
37727063 -115.466 32.815 9.46 1.3
37396525 -115.465 32.815 9.45 1.3
37727071 -115.466 32.817 8.93 1.5
37727087 -115.467 32.816 9.48 1.2
37727095 -115.466 32.817 9.00 1.3
37727103 -115.466 32.817 8.72 1.8
37727111 -115.466 32.816 8.90 1.8
37727119 -115.465 32.816 8.82 1.7
37727127 -115.466 32.816 9.52 1.9
37727135 -115.469 32.821 9.19 1.6
37727143 -115.469 32.821 8.99 1.8
37727159 -115.465 32.815 8.90 1.1
37727167 -115.470 32.823 9.15 1.3
37727175 -115.464 32.815 8.86 1.3
37727215 -115.463 32.813 8.77 1.5
37163220 -115.463 32.813 8.82 1.7
37727231 -115.470 32.823 9.25 1.3
37727239 -115.469 32.821 9.28 2.4
37727247 -115.471 32.825 8.94 1.0
37727255 -115.470 32.822 9.31 1.3
37727279 -115.470 32.823 9.18 2.6
37727295 -115.469 32.820 9.26 2.2
37727351 -115.470 32.823 9.23 2.2
37727367 -115.470 32.821 9.35 1.3
37727439 -115.469 32.820 9.36 1.8
37727831 -115.470 32.821 9.47 1.5
37729263 -115.569 32.801 11.52 1.1
37730447 -115.434 32.773 9.93 1.2
37730639 -115.461 32.809 9.13 1.3
37730671 -115.461 32.809 9.11 1.9
37730703 -115.461 32.809 9.15 2.4
37730711 -115.461 32.809 9.02 1.4
37730751 -115.462 32.810 9.07 2.9
37730759 -115.461 32.810 8.80 1.7
37730775 -115.463 32.813 9.12 1.9
37396573 -115.464 32.814 8.99 1.9
37730783 -115.464 32.815 8.85 3.2
37730799 -115.462 32.811 8.69 1.4
37163228 -115.463 32.812 8.53 1.4
37730807 -115.460 32.807 8.88 1.4
37730823 -115.459 32.807 8.83 2.7
37163236 -115.459 32.806 9.03 2.4
37730847 -115.469 32.821 9.39 2.5
37396581 -115.458 32.805 8.97 1.9
37730855 -115.470 32.823 9.41 1.5
37731287 -115.470 32.822 9.44 2.1
37163388 -115.461 32.809 8.82 1.1
37731999 -115.461 32.809 8.86 1.4
37732207 -115.457 32.803 8.81 1.2
37732351 -115.456 32.802 9.11 2.0
37732359 -115.456 32.802 9.01 2.4
37732367 -115.455 32.801 9.01 2.1
37732383 -115.457 32.803 9.24 1.8
37732903 -115.457 32.803 9.14 1.2
37979056 -115.389 32.698 11.64 1.6
37983104 -115.423 32.750 10.23 1.4
37983112 -115.423 32.751 10.27 1.8
37752967 -115.434 32.784 10.60 1.4
37753535 -115.421 32.745 10.92 1.5
37163868 -115.421 32.746 10.88 1.4
37753551 -115.422 32.746 10.92 1.8
37753559 -115.422 32.747 10.87 1.7
37753567 -115.421 32.746 11.04 1.8
37754327 -115.425 32.758 10.91 1.3
37755743 -115.480 32.745 9.46 1.2
37755943 -115.480 32.745 9.53 1.7
37758351 -115.433 32.717 10.26 1.7
37758359 -115.433 32.717 10.29 1.3
37758631 -115.499 32.751 10.17 1.6
37762327 -115.611 32.839 10.17 1.6
37762335 -115.611 32.839 10.16 1.2
37762383 -115.610 32.839 10.19 1.8
37762399 -115.610 32.839 10.16 1.7
37762455 -115.608 32.838 10.27 1.2
37762463 -115.608 32.839 10.24 2.2
37762575 -115.605 32.838 10.69 1.4
37765127 -115.603 32.837 10.72 1.0
37765479 -115.604 32.836 10.47 1.5
37765487 -115.605 32.837 10.57 1.1
37765839 -115.604 32.837 10.71 1.1
37766287 -115.606 32.838 10.57 2.2
37766295 -115.604 32.837 10.50 1.7
37766303 -115.603 32.837 10.72 1.4
38007144 -115.601 32.834 10.58 2.3
38017464 -115.478 32.742 9.12 1.4
38017536 -115.478 32.742 9.06 1.5
38025400 -115.541 32.704 5.72 1.8
38025432 -115.541 32.704 5.76 1.4
38037336 -115.464 32.818 8.09 1.4
37805511 -115.450 32.788 9.15 1.6
37805519 -115.450 32.788 9.19 1.3
37805527 -115.450 32.788 9.19 1.4
37805551 -115.450 32.788 8.99 1.6
37805647 -115.450 32.789 9.16 1.2
37400437 -115.450 32.789 9.12 0.9
37814367 -115.532 32.780 10.45 1.5
37822799 -115.463 32.806 9.06 1.6
37824495 -115.426 32.752 10.78 1.2
37827527 -115.588 32.828 10.73 1.2
37835271 -115.621 32.761 10.81 1.3
37840615 -115.448 32.784 9.29 2.4
37840623 -115.448 32.783 9.44 1.5
37840631 -115.448 32.783 9.28 1.8
37840639 -115.448 32.783 9.30 2.1
37840663 -115.448 32.783 9.30 1.8
37841631 -115.435 32.771 10.10 1.9
38100000 -115.419 32.748 9.91 1.6
38100016 -115.418 32.747 9.87 1.7
37179068 -115.418 32.747 9.82 1.4
38109000 -115.564 32.793 10.21 1.8
37897727 -115.458 32.802 6.74 1.8
37899823 -115.539 32.791 10.99 1.6
37900087 -115.463 32.806 9.19 1.4
37904031 -115.447 32.790 9.10 1.4
37910103 -115.443 32.793 9.58 1.4
37910231 -115.433 32.764 9.70 1.3
37910239 -115.433 32.764 9.68 1.3
37910247 -115.433 32.764 9.69 1.5
37910679 -115.578 32.815 11.15 1.8
37910759 -115.579 32.819 11.08 1.5
37912239 -115.454 32.789 8.69 1.3
38147104 -115.453 32.787 8.73 1.7
38147880 -115.454 32.786 8.97 1.5
38165200 -115.538 32.702 4.88 1.6
38169112 -115.448 32.784 8.94 1.1
38169584 -115.529 32.784 10.80 1.9
37186188 -115.529 32.784 10.86 1.8
38169592 -115.528 32.784 10.92 1.9
38169600 -115.530 32.785 10.72 2.2
38169688 -115.528 32.783 10.76 1.7
38169696 -115.528 32.783 10.81 1.3
38170096 -115.529 32.786 11.27 1.4
38170976 -115.558 32.774 10.38 1.4
37186636 -115.528 32.785 11.07 1.8
38171312 -115.529 32.786 11.03 2.0
38171360 -115.453 32.795 9.17 1.7
38171432 -115.531 32.781 10.23 1.8
38171448 -115.530 32.781 10.32 1.9
38171472 -115.530 32.781 10.39 1.5
38171480 -115.530 32.781 10.44 1.4
38171488 -115.530 32.780 10.22 1.6
38172024 -115.529 32.794 10.95 1.2
37943991 -115.501 32.751 10.05 2.0
38193128 -115.690 32.825 9.60 2.2
38196904 -115.529 32.780 11.05 1.5
38196984 -115.533 32.785 11.30 1.4
38201048 -115.571 32.793 9.61 1.1
38201056 -115.571 32.793 9.60 1.3
37266658 -115.698 32.823 10.93 1.4
37266946 -115.432 32.768 10.08 1.4
37266954 -115.432 32.768 10.05 1.2
37269034 -115.484 32.738 9.24 1.2
37269714 -115.389 32.703 11.15 1.5
37269722 -115.389 32.702 11.14 1.6
37270146 -115.449 32.785 8.82 1.3
37271122 -115.462 32.809 7.89 1.5
37276842 -115.467 32.812 9.47 1.2
38220952 -115.603 32.818 8.72 1.3
38220968 -115.603 32.818 8.71 2.3
38221264 -115.602 32.818 8.77 2.0
38221272 -115.601 32.818 8.71 1.7
38221288 -115.601 32.817 8.74 1.2
38221320 -115.601 32.817 8.69 2.2
38221328 -115.602 32.818 8.71 1.5
38221344 -115.600 32.817 8.69 1.5
38221368 -115.601 32.817 8.66 1.4
38222944 -115.474 32.738 10.03 1.1
38223080 -115.474 32.738 10.00 1.2
38226880 -115.504 32.759 10.80 1.7
38227408 -115.474 32.738 10.03 1.4
38233112 -115.436 32.786 10.65 1.9
38234736 -115.458 32.780 9.40 2.2
38234752 -115.458 32.781 9.45 1.4
38234760 -115.458 32.781 9.42 1.5
38234768 -115.458 32.780 9.31 1.3
38241872 -115.467 32.813 9.05 1.3
38251864 -115.442 32.778 8.07 1.3
38259440 -115.469 32.814 9.06 1.5
38043855 -115.442 32.769 8.84 1.9
38045839 -115.534 32.705 7.48 1.4
37364138 -115.533 32.780 9.91 1.7
37365274 -115.458 32.804 9.24 1.0
37374610 -115.421 32.750 9.60 1.3
37374618 -115.421 32.750 9.59 1.3
37374650 -115.458 32.780 9.51 1.8
37378506 -115.453 32.799 9.23 1.9
37378618 -115.453 32.797 9.06 1.7
37378674 -115.453 32.798 8.97 2.5
37378690 -115.454 32.800 8.79 1.3
37378682 -115.452 32.797 8.93 2.4
37378706 -115.451 32.796 9.06 1.7
37378714 -115.451 32.796 9.07 1.6
37378730 -115.450 32.795 9.28 1.6
37378738 -115.451 32.796 9.02 2.6
37378746 -115.453 32.799 9.05 2.1
37378754 -115.449 32.794 9.15 1.9
37378786 -115.447 32.791 9.26 2.2
37378794 -115.449 32.794 9.08 2.5
38316072 -115.454 32.800 9.23 1.1
38317152 -115.452 32.800 8.70 1.6
38318688 -115.428 32.759 8.91 1.5
37393666 -115.462 32.804 9.17 2.4
38348920 -115.598 32.836 10.87 1.1
38358296 -115.636 32.767 10.63 1.2
38358864 -115.560 32.801 9.39 1.6
38145527 -115.541 32.792 11.10 1.7
38146191 -115.464 32.820 10.06 1.3
38386136 -115.427 32.753 10.70 1.7
37201524 -115.426 32.753 10.75 1.7
38386144 -115.426 32.752 10.73 2.2
38387872 -115.423 32.749 10.21 1.7
38388000 -115.420 32.745 10.04 1.9
38394408 -115.419 32.755 10.70 1.5
38395016 -115.417 32.753 10.63 1.7
38395104 -115.416 32.751 10.68 1.7
38163455 -115.419 32.755 10.39 2.2
38163647 -115.417 32.754 10.61 1.5
38163783 -115.420 32.756 10.38 1.8
37201980 -115.420 32.755 10.35 1.9
38163791 -115.421 32.757 10.55 1.9
38406792 -115.418 32.741 10.17 1.2
38409600 -115.432 32.770 10.15 1.4
38412288 -115.450 32.789 9.35 1.7
38412776 -115.503 32.758 10.79 1.8
38420208 -115.449 32.785 9.26 2.5
38422872 -115.607 32.816 9.67 1.0
38422880 -115.608 32.816 9.69 1.4
38423152 -115.606 32.815 9.67 1.7
38423488 -115.606 32.815 9.65 1.3
38423496 -115.606 32.815 9.63 1.2
38424224 -115.459 32.813 9.16 1.5
38424232 -115.459 32.813 9.19 1.8
38424384 -115.606 32.815 9.65 1.9
38196439 -115.581 32.718 11.11 1.7
38200919 -115.427 32.753 11.54 1.4
38204151 -115.435 32.766 9.51 1.5
37531714 -115.413 32.733 9.78 1.6
37531722 -115.413 32.733 9.66 1.6
37531730 -115.412 32.732 9.81 2.0
37531738 -115.411 32.731 9.90 2.0
37531746 -115.412 32.733 9.96 2.3
37206324 -115.410 32.729 9.98 1.6
37531754 -115.411 32.731 9.95 1.9
37206476 -115.411 32.730 10.07 2.0
37531762 -115.410 32.730 10.05 2.2
37206492 -115.410 32.730 10.12 1.4
37531770 -115.411 32.730 9.71 1.8
37206500 -115.410 32.729 9.77 1.2
37531778 -115.411 32.730 9.81 1.6
37531786 -115.411 32.731 10.01 1.4
37531794 -115.411 32.730 9.67 1.6
37531802 -115.410 32.729 10.01 1.8
37531810 -115.411 32.730 10.13 2.2
37531818 -115.412 32.731 9.82 2.3
37531866 -115.410 32.728 9.83 2.0
37531882 -115.408 32.725 10.04 1.5
37534498 -115.451 32.787 9.17 1.9
38468000 -115.611 32.737 11.56 2.1
38262911 -115.435 32.766 9.58 2.4
38262919 -115.434 32.765 9.59 1.1
38272343 -115.441 32.771 9.90 1.2
38272599 -115.440 32.770 9.89 1.9
38281207 -115.465 32.820 9.24 1.3
38285767 -115.445 32.789 8.88 1.6
37604338 -115.437 32.769 9.49 2.3
37609418 -115.594 32.834 10.91 1.3
38551160 -115.436 32.775 9.86 1.9
38551184 -115.436 32.774 9.87 1.5
37214804 -115.435 32.774 9.85 1.5
38330119 -115.537 32.707 7.87 1.3
38333815 -115.533 32.703 7.93 1.9
38333847 -115.533 32.703 7.96 1.8
38333863 -115.534 32.703 7.51 1.9
38335015 -115.531 32.700 6.95 2.1
38349279 -115.575 32.792 8.05 2.5
38586088 -115.485 32.746 8.76 1.5
38593240 -115.432 32.770 9.84 2.5
38594072 -115.569 32.738 12.21 1.8
38615192 -115.453 32.794 9.48 1.5
38615624 -115.569 32.788 8.66 1.5
38616984 -115.472 32.826 8.84 1.7
38626472 -115.470 32.822 8.82 1.3
38639472 -115.419 32.751 11.14 2.0
38639528 -115.420 32.751 11.13 1.5
38639632 -115.420 32.751 11.11 2.2
38430823 -115.441 32.782 9.19 1.2
37218540 -115.441 32.781 9.26 1.0
38431311 -115.441 32.781 9.51 1.7
38431343 -115.441 32.781 9.58 1.9
38431359 -115.440 32.780 9.54 1.7
38431375 -115.442 32.783 9.19 1.7
38431607 -115.443 32.784 9.43 1.8
38434303 -115.453 32.804 9.09 1.7
38434319 -115.452 32.803 9.07 1.3
38435063 -115.452 32.805 9.40 1.5
38436215 -115.679 32.816 9.06 1.6
38441719 -115.436 32.771 8.69 2.0
38458279 -115.428 32.761 8.34 2.3
38458367 -115.430 32.763 8.39 2.2
38465111 -115.488 32.726 9.21 2.1
38470143 -115.491 32.729 9.05 2.1
38532255 -115.408 32.728 10.45 1.7
38947056 -115.478 32.834 9.01 1.3
38953040 -115.571 32.664 7.92 1.4
38961016 -115.570 32.663 7.54 1.6
38963672 -115.571 32.664 7.99 1.7
38986872 -115.585 32.822 10.91 1.5
39005152 -115.399 32.721 9.93 2.0
39018032 -115.457 32.802 9.46 1.4
39022152 -115.581 32.678 5.70 2.1
39022216 -115.582 32.678 5.87 1.9
39022472 -115.583 32.678 6.42 1.6
39038816 -115.526 32.778 11.24 1.2
38813519 -115.455 32.805 8.69 2.2
38813983 -115.455 32.804 8.54 1.4
38814087 -115.455 32.806 9.03 1.6
38814095 -115.455 32.806 8.82 1.7
38814103 -115.456 32.807 8.91 1.4
38814367 -115.454 32.805 8.93 1.0
37426741 -115.454 32.804 8.94 1.7
38814647 -115.460 32.806 9.25 1.2
38814663 -115.459 32.804 9.23 2.3
38815215 -115.459 32.804 9.08 1.5
38815255 -115.458 32.804 9.01 1.4
38822215 -115.567 32.659 6.11 1.6
38848631 -115.584 32.825 10.93 1.6
38848991 -115.585 32.825 10.89 1.4
39096032 -115.417 32.740 10.37 1.9
37427997 -115.417 32.741 10.36 1.9
39096040 -115.417 32.740 10.44 1.8
37427989 -115.418 32.741 10.40 1.5
39096048 -115.416 32.740 10.37 2.7
39112072 -115.443 32.773 9.76 1.5
39112096 -115.443 32.773 9.82 1.4
39112112 -115.443 32.773 9.79 2.0
39112120 -115.442 32.772 9.92 1.7
37428437 -115.443 32.774 9.68 1.1
37428445 -115.443 32.773 9.87 1.1
39130632 -115.443 32.774 9.91 1.2
39132800 -115.469 32.819 8.32 1.2
38932607 -115.487 32.742 10.05 1.4
38234074 -115.567 32.735 11.69 1.5
38238730 -115.538 32.786 10.53 2.8
38238746 -115.535 32.784 10.49 4.0
38238754 -115.530 32.780 11.07 3.6
38238762 -115.528 32.777 10.63 2.4
38238770 -115.540 32.787 10.51 2.5
38238778 -115.537 32.784 10.29 1.3
37237484 -115.539 32.784 10.25 1.5
37237500 -115.541 32.788 10.59 1.6
38238786 -115.541 32.788 10.47 2.5
38238802 -115.530 32.780 10.98 1.4
38238818 -115.531 32.780 10.86 1.2
38238842 -115.536 32.781 10.02 1.4
38238850 -115.531 32.782 11.04 1.5
38238858 -115.535 32.782 10.26 2.2
38238866 -115.535 32.782 10.35 2.4
38238874 -115.542 32.789 10.57 1.4
38238906 -115.536 32.782 10.29 1.5
38238922 -115.536 32.782 10.23 2.4
37237868 -115.537 32.783 10.36 1.8
38238938 -115.535 32.781 10.28 1.4
38238962 -115.534 32.781 10.30 2.5
38238970 -115.547 32.792 9.96 1.1
38239042 -115.544 32.787 9.72 1.6
38239058 -115.547 32.793 10.36 1.2
38239082 -115.543 32.789 10.26 1.4
38239170 -115.547 32.797 10.96 1.3
38239194 -115.531 32.779 10.46 1.6
38239202 -115.543 32.793 10.92 1.5
38239234 -115.535 32.782 10.27 1.8
38239250 -115.546 32.794 10.66 1.2
37430213 -115.546 32.794 10.59 1.1
38239282 -115.543 32.791 10.55 1.5
38239298 -115.542 32.790 10.63 1.6
38239306 -115.542 32.790 10.56 1.5
38239314 -115.543 32.790 10.50 1.2
38239330 -115.542 32.789 10.59 1.4
38239434 -115.529 32.777 10.55 1.3
38239442 -115.547 32.797 11.01 1.7
38239474 -115.547 32.792 10.05 1.7
38239570 -115.546 32.796 10.97 1.2
38239578 -115.548 32.789 9.45 2.3
38239586 -115.550 32.790 9.51 2.0
38239594 -115.547 32.788 9.45 2.7
38239602 -115.546 32.788 9.32 2.9
38239610 -115.543 32.785 9.38 1.4
38239634 -115.544 32.786 9.46 1.3
38239658 -115.541 32.787 10.35 1.4
38239666 -115.541 32.788 10.43 1.8
37430453 -115.540 32.786 10.28 1.8
38239674 -115.538 32.784 10.26 2.0
37237852 -115.538 32.786 10.64 1.8
38239682 -115.539 32.785 10.40 1.9
38239730 -115.538 32.784 10.33 1.6
37237556 -115.537 32.783 10.26 1.2
38239738 -115.537 32.783 10.27 2.7
38239746 -115.538 32.783 10.22 3.2
38239754 -115.536 32.782 10.26 2.6
37237780 -115.536 32.781 9.96 2.6
38239762 -115.541 32.789 10.67 1.5
37430221 -115.541 32.789 10.69 1.1
38239770 -115.542 32.790 10.64 1.6
38239778 -115.542 32.790 10.65 2.1
38239786 -115.542 32.789 10.51 2.7
38239794 -115.546 32.794 10.60 2.2
38239802 -115.540 32.789 10.85 2.1
38239810 -115.548 32.797 10.99 1.4
38239818 -115.548 32.798 11.01 1.2
38239826 -115.532 32.780 10.52 1.7
38239834 -115.533 32.780 10.41 1.6
38239842 -115.542 32.789 10.71 1.5
38239858 -115.537 32.783 10.27 2.0
38239866 -115.548 32.789 9.66 1.7
38239874 -115.543 32.789 10.52 1.4
38240242 -115.533 32.781 10.53 1.7
38240274 -115.534 32.788 10.71 1.5
38240282 -115.534 32.788 10.73 1.4
38240394 -115.548 32.794 10.35 1.8
38240482 -115.531 32.779 10.82 1.5
38240530 -115.548 32.795 10.51 1.3
38241746 -115.548 32.795 10.41 1.5
38241754 -115.548 32.795 10.45 1.4
38241778 -115.547 32.795 10.39 1.4
38241794 -115.548 32.794 10.33 1.2
38248122 -115.573 32.805 11.29 1.1
38252306 -115.609 32.749 12.75 1.3
38253098 -115.409 32.730 10.86 2.1
38253994 -115.574 32.806 11.28 1.7
37430981 -115.574 32.806 11.34 1.6
39201136 -115.537 32.696 3.86 1.3
39204208 -115.388 32.698 12.15 1.8
39227664 -115.572 32.803 11.20 1.4
39227672 -115.572 32.803 11.12 1.1
39230368 -115.571 32.805 11.44 1.3
39230376 -115.571 32.805 11.45 1.3
39008567 -115.484 32.740 10.11 2.2
39008695 -115.575 32.804 11.01 1.3
39010559 -115.413 32.709 11.49 1.3
39017399 -115.568 32.800 11.33 1.2
39017703 -115.568 32.800 11.28 1.2
39018727 -115.406 32.726 10.98 1.5
39018735 -115.406 32.726 10.96 2.0
39018743 -115.405 32.725 11.00 1.6
39018839 -115.405 32.726 10.87 2.5
39026671 -115.463 32.806 9.18 2.3
39028311 -115.469 32.809 8.75 1.5
39279112 -115.548 32.792 8.65 1.7
39279136 -115.547 32.791 8.69 1.8
39282648 -115.440 32.771 9.46 1.9
39292712 -115.449 32.784 8.94 1.3
39292720 -115.449 32.784 8.90 1.3
39069455 -115.568 32.802 11.69 0.9
39069479 -115.431 32.760 10.55 1.4
39074247 -115.500 32.736 8.42 1.5
39080015 -115.431 32.767 10.16 1.6
39088575 -115.448 32.790 9.00 1.9
39088631 -115.447 32.789 9.00 1.6
39088775 -115.444 32.786 9.28 2.0
39088783 -115.445 32.788 9.28 1.8
39088807 -115.444 32.785 9.29 2.4
39088887 -115.446 32.789 9.28 1.8
39088927 -115.445 32.787 9.35 2.6
37443685 -115.447 32.790 9.20 2.4
39088935 -115.446 32.788 9.54 3.1
39088959 -115.442 32.783 9.46 1.9
39089095 -115.452 32.788 8.60 2.0
39089127 -115.449 32.792 8.93 1.8
39089135 -115.449 32.791 8.93 1.6
39089143 -115.449 32.791 8.80 1.6
39089167 -115.449 32.791 8.96 1.9
39089175 -115.450 32.793 8.88 1.5
39089183 -115.450 32.792 8.92 1.5
39090111 -115.604 32.829 9.98 1.3
38393922 -115.436 32.774 9.53 1.6
39106007 -115.437 32.775 9.40 1.4
39110399 -115.570 32.802 11.47 1.3
37438989 -115.571 32.802 11.49 0.9
39110407 -115.571 32.802 11.50 1.6
39111895 -115.437 32.776 9.66 1.4
39117567 -115.442 32.773 9.48 2.6
37439469 -115.442 32.771 9.34 1.9
39117575 -115.442 32.774 9.34 1.9
39117591 -115.442 32.774 9.15 1.5
39117599 -115.442 32.774 9.15 1.7
39118831 -115.447 32.787 10.20 1.2
39118839 -115.447 32.787 10.20 1.7
39119167 -115.447 32.787 10.24 1.4
39119871 -115.422 32.750 9.45 1.1
39122303 -115.443 32.784 10.37 1.4
39122351 -115.466 32.815 6.98 2.6
39122359 -115.466 32.815 6.86 2.7
39122671 -115.468 32.819 6.93 1.5
39126007 -115.571 32.803 11.53 1.3
37440645 -115.571 32.803 11.57 1.5
39126015 -115.571 32.803 11.50 1.4
39126023 -115.571 32.804 11.45 1.6
39126031 -115.573 32.805 11.38 1.5
39400232 -115.431 32.777 10.87 1.8
38475586 -115.591 32.814 9.51 1.2
38477346 -115.424 32.749 10.82 1.6
38477354 -115.424 32.749 10.81 2.3
38477458 -115.425 32.750 10.86 3.6
38477890 -115.424 32.761 10.45 1.4
38478194 -115.423 32.760 10.48 1.5
38480482 -115.425 32.763 10.29 1.7
38481738 -115.423 32.760 10.41 2.2
38482282 -115.436 32.764 8.69 1.2
38486530 -115.407 32.728 11.04 1.8
39199631 -115.438 32.770 9.26 1.3
39207383 -115.449 32.799 9.44 1.6
39218255 -115.418 32.748 9.31 1.4
39223599 -115.577 32.806 10.96 1.2
39223663 -115.576 32.806 10.96 1.5
39478424 -115.412 32.714 12.70 1.4
39478520 -115.417 32.736 9.59 1.5
39478736 -115.457 32.791 8.52 1.5
39267239 -115.415 32.740 10.23 1.6
39291007 -115.450 32.787 8.65 1.5
38602458 -115.488 32.743 10.25 1.8
39332767 -115.416 32.739 10.52 1.5
39336143 -115.601 32.820 10.06 1.2
39340511 -115.621 32.762 10.66 1.3
39342527 -115.460 32.815 9.51 1.4
39344015 -115.527 32.776 10.65 1.1
39349015 -115.395 32.711 11.69 1.8
39361663 -115.470 32.816 9.37 1.4
39368159 -115.554 32.797 9.88 1.6
38680066 -115.537 32.698 5.66 1.5
38680090 -115.466 32.822 9.33 1.4
38688250 -115.475 32.822 9.42 1.7
38688274 -115.474 32.821 9.39 1.6
37455245 -115.474 32.821 9.37 1.1
38688290 -115.474 32.820 9.42 1.6
38688298 -115.474 32.821 9.37 1.6
38689186 -115.476 32.824 9.54 1.5
38695610 -115.599 32.826 9.56 1.1
38696562 -115.549 32.791 8.21 1.6
37455637 -115.550 32.791 8.07 1.5
38696594 -115.549 32.789 7.98 1.3
38696714 -115.547 32.789 8.28 1.2
38696722 -115.548 32.789 8.29 1.4
38696746 -115.547 32.789 8.35 1.5
38705330 -115.441 32.796 10.10 1.2
39652952 -115.432 32.769 10.05 1.4
39661392 -115.469 32.826 9.40 1.5
39441895 -115.617 32.759 10.54 1.4
39442583 -115.617 32.759 10.59 1.3
39442831 -115.618 32.758 10.45 1.2
39443423 -115.517 32.697 5.58 2.2
39446135 -115.569 32.801 11.53 1.3
37303996 -115.569 32.801 11.54 1.2
39446143 -115.569 32.801 11.52 1.2
39446151 -115.569 32.801 11.55 1.3
39447439 -115.588 32.823 10.16 1.5
39452887 -115.462 32.805 9.18 1.1
39470959 -115.483 32.823 6.47 1.7
39479751 -115.468 32.813 9.04 1.7
39479759 -115.467 32.812 9.04 1.7
39480239 -115.523 32.619 7.22 1.2
39728256 -115.597 32.835 10.84 1.4
39728264 -115.596 32.835 10.86 1.2
39507071 -115.447 32.783 9.00 2.6
39508639 -115.436 32.775 9.80 1.1
39510487 -115.447 32.782 9.30 1.7
39752200 -115.462 32.784 8.43 1.4
39753680 -115.448 32.783 9.52 1.7
39755656 -115.450 32.797 9.53 2.5
39756904 -115.451 32.798 9.07 1.5
39756928 -115.451 32.798 9.11 1.9
39757800 -115.451 32.797 9.16 1.5
39757856 -115.451 32.797 9.22 1.7
39757896 -115.452 32.800 9.07 1.2
37464197 -115.452 32.799 9.09 1.2
39758528 -115.450 32.795 9.03 1.5
39758672 -115.449 32.792 9.25 1.4
39759280 -115.452 32.799 9.25 1.8
39759672 -115.452 32.799 9.36 1.6
39759720 -115.448 32.791 8.64 1.3
39760072 -115.449 32.785 9.45 2.0
39760560 -115.449 32.796 9.54 2.3
39761136 -115.675 32.816 8.84 2.0
39764224 -115.379 32.690 12.11 1.6
37464901 -115.470 32.814 8.35 1.4
39532791 -115.470 32.813 8.38 1.9
39532799 -115.470 32.811 8.28 1.8
39532807 -115.470 32.812 8.34 1.9
39532815 -115.470 32.811 8.35 1.4
37464917 -115.470 32.811 8.40 1.4
37464925 -115.469 32.811 8.35 1.7
39532823 -115.471 32.813 8.26 1.8
39538743 -115.434 32.773 9.91 1.5
39539239 -115.414 32.751 10.81 1.7
39539343 -115.414 32.751 10.75 1.8
39540559 -115.413 32.750 10.87 1.3
37465789 -115.429 32.771 10.36 1.4
39551807 -115.451 32.733 9.39 1.4
39552239 -115.465 32.731 9.89 1.3
39794360 -115.450 32.801 7.34 1.6
39794368 -115.451 32.801 7.40 2.0
37466469 -115.450 32.801 7.42 1.2
39794384 -115.450 32.801 7.41 1.8
39795000 -115.454 32.803 7.72 1.6
39799936 -115.462 32.812 8.67 1.7
39799944 -115.462 32.812 8.60 1.6
39799952 -115.463 32.812 8.92 1.5
37466909 -115.461 32.811 8.65 1.0
39799968 -115.463 32.811 8.96 2.0
39800544 -115.463 32.812 8.85 3.0
39800560 -115.461 32.809 8.84 1.7
39800568 -115.460 32.808 8.85 1.4
39802096 -115.460 32.808 8.89 1.9
39802104 -115.460 32.808 9.11 1.3
39577263 -115.445 32.778 9.36 1.3
39593287 -115.489 32.744 10.09 1.2
39593311 -115.489 32.744 10.08 1.5
39595135 -115.429 32.764 10.59 1.4
39842584 -115.436 32.776 9.57 1.5
37472045 -115.437 32.776 9.70 1.3
39842696 -115.436 32.776 9.84 1.4
39842784 -115.439 32.779 9.44 2.4
39842792 -115.436 32.776 9.64 2.9
39842832 -115.435 32.774 9.77 1.4
39842840 -115.437 32.778 9.18 2.2
39842872 -115.434 32.774 9.77 3.2
39842880 -115.435 32.774 9.50 2.3
39842888 -115.435 32.774 9.71 2.2
39842896 -115.437 32.777 9.92 3.7
39842904 -115.434 32.773 9.51 2.6
37471597 -115.433 32.772 9.52 1.8
39842912 -115.433 32.772 9.52 1.8
39842928 -115.443 32.785 9.40 2.1
39843088 -115.455 32.798 9.07 1.5
39843128 -115.439 32.778 9.94 1.6
39843208 -115.434 32.769 8.94 1.7
39843216 -115.433 32.768 8.82 2.2
37471605 -115.434 32.769 8.70 2.3
39843224 -115.434 32.768 8.91 1.9
39843232 -115.445 32.784 10.36 1.9
39844176 -115.431 32.768 10.10 1.8
37471741 -115.432 32.768 10.26 1.6
39844232 -115.431 32.769 9.81 2.8
39844264 -115.431 32.769 9.86 2.9
39844272 -115.433 32.772 9.47 2.8
39844296 -115.450 32.791 9.12 1.8
39844312 -115.450 32.791 9.09 1.5
39845832 -115.436 32.768 8.31 3.4
39650735 -115.698 32.823 10.90 2.4
39658927 -115.575 32.807 11.21 1.4
39899672 -115.449 32.789 9.84 1.5
39902752 -115.475 32.834 8.27 1.5
39902760 -115.476 32.834 8.23 1.3
39902768 -115.475 32.833 8.25 1.2
39909200 -115.570 32.802 11.56 1.8
39909216 -115.570 32.802 11.59 1.6
39909224 -115.570 32.803 11.63 1.5
39909232 -115.569 32.802 11.60 1.4
37326068 -115.568 32.807 12.26 1.1
39912512 -115.399 32.725 10.30 1.6
37328484 -115.499 32.750 10.07 2.6
39707223 -115.445 32.724 8.52 1.6
39713231 -115.445 32.725 8.40 1.2
39730367 -115.389 32.720 10.86 1.8
39974512 -115.472 32.836 8.19 1.4
39974632 -115.473 32.838 8.12 1.9
39974648 -115.467 32.826 8.46 2.2
39974768 -115.466 32.824 8.51 2.2
39974776 -115.466 32.824 8.60 1.9
39974848 -115.472 32.837 8.31 1.6
39974864 -115.472 32.837 8.34 1.6
39974872 -115.472 32.838 8.34 1.7
39974920 -115.474 32.840 8.12 1.5
39974968 -115.467 32.825 8.60 2.1
39975008 -115.466 32.824 8.90 2.1
39975064 -115.466 32.821 8.66 1.9
39975096 -115.473 32.840 8.24 1.4
39975104 -115.473 32.838 8.15 1.6
37338692 -115.473 32.839 8.25 1.9
39975640 -115.466 32.822 8.57 1.8
39742063 -115.468 32.828 8.65 2.2
39742071 -115.468 32.828 8.68 1.9
39742079 -115.467 32.825 8.83 2.9
39742095 -115.466 32.823 8.91 2.2
39742143 -115.467 32.824 9.14 1.6
39742575 -115.468 32.828 8.74 1.7
39742631 -115.467 32.825 9.27 1.5
39748159 -115.437 32.768 9.54 1.7
39749039 -115.457 32.802 9.23 1.7
39749135 -115.456 32.801 9.18 2.9
39749143 -115.456 32.800 8.75 2.4
39749151 -115.455 32.800 9.02 3.0
37478453 -115.455 32.799 8.61 1.1
39749159 -115.459 32.804 9.03 1.3
37478437 -115.459 32.804 8.97 1.3
39749191 -115.459 32.805 8.90 1.9
39749199 -115.458 32.803 8.58 2.9
39749223 -115.460 32.806 8.96 2.1
39749247 -115.460 32.806 9.16 1.6
39749255 -115.457 32.802 8.62 1.3
39749431 -115.453 32.795 9.03 1.2
39749479 -115.453 32.795 9.05 1.1
37478421 -115.453 32.795 9.01 1.2
39749487 -115.453 32.795 9.07 1.4
39749583 -115.452 32.794 9.06 1.3
39749599 -115.453 32.794 9.01 1.4
39750031 -115.452 32.794 9.07 2.3
39750063 -115.451 32.793 9.16 2.0
39750095 -115.452 32.794 9.02 1.6
39755735 -115.446 32.786 9.92 1.1
39764487 -115.472 32.736 9.65 1.3
39773447 -115.456 32.709 9.25 1.3
40030960 -115.425 32.755 9.74 1.3
40030976 -115.425 32.755 9.78 2.0
40033856 -115.436 32.767 10.19 1.4
39805167 -115.530 32.778 10.49 1.7
39817415 -115.424 32.752 10.19 1.7
39817431 -115.424 32.752 10.21 2.2
39817447 -115.424 32.751 10.33 2.2
39817455 -115.425 32.753 10.23 1.7
40061624 -115.455 32.846 4.08 1.1
37481957 -115.455 32.846 4.08 1.2
40061632 -115.455 32.846 4.08 1.1
40064592 -115.466 32.811 9.06 2.0
40064624 -115.466 32.810 9.09 1.0
40066816 -115.442 32.718 10.37 1.4
40066824 -115.442 32.718 10.39 1.5
39840175 -115.469 32.826 4.97 1.3
39841167 -115.526 32.622 7.18 2.2
39850727 -115.435 32.766 9.62 1.9
39864327 -115.409 32.731 10.99 1.5
39864335 -115.409 32.731 10.99 1.6
39865343 -115.419 32.744 10.01 1.1
39871263 -115.419 32.743 10.18 1.4
39871271 -115.419 32.743 10.16 2.3
39871279 -115.418 32.743 10.16 2.1
39882367 -115.505 32.673 7.39 1.8
39883391 -115.508 32.759 9.78 1.5
37486805 -115.507 32.759 9.77 1.6
39883399 -115.508 32.758 9.67 1.8
39883407 -115.508 32.759 9.81 2.6
39883415 -115.508 32.759 9.98 2.2
39883423 -115.509 32.760 9.76 1.9
39883439 -115.509 32.760 9.98 1.6
39883535 -115.510 32.760 9.63 1.6
39900383 -115.470 32.821 8.11 1.9
37376772 -115.418 32.715 3.57 1.0
39901695 -115.418 32.715 3.54 1.5
39901703 -115.419 32.748 9.88 1.6
39902911 -115.430 32.758 10.55 1.8
39904127 -115.559 32.807 10.90 2.0
39906167 -115.555 32.803 10.81 1.6
39906567 -115.548 32.797 10.81 1.6
39912487 -115.437 32.769 9.26 2.9
39914567 -115.384 32.692 11.92 1.9
39917887 -115.440 32.770 9.92 1.7
40178896 -115.598 32.836 10.89 1.3
40178912 -115.598 32.836 10.89 1.2
40178920 -115.598 32.836 10.88 1.2
40183776 -115.411 32.747 11.35 1.5
40196224 -115.399 32.718 11.37 1.9
40200016 -115.527 32.699 5.66 1.6
40200024 -115.527 32.699 5.67 1.9
40201952 -115.595 32.820 9.54 1.4
40202008 -115.597 32.826 9.76 1.3
37489893 -115.597 32.825 9.60 1.4
37489901 -115.596 32.825 9.67 1.3
40202080 -115.597 32.823 9.44 1.0
40202432 -115.588 32.818 9.77 1.8
40205824 -115.529 32.703 4.30 1.3
39969103 -115.527 32.698 5.73 2.7
39969135 -115.527 32.699 5.73 2.5
39971687 -115.593 32.824 9.81 1.8
39982487 -115.441 32.793 9.64 1.7
39982767 -115.441 32.794 9.61 1.6
